
SUMMARISING RUN PARAMETERS
==========================
Input filename: /srv/scratch/voineagu/PROJECTS/NMD_data/FMR1/1-XX61045-LEJ5123_L2_1.fq.gz
Trimming mode: paired-end
Trim Galore version: 0.6.10
Cutadapt version: 4.4
Python version: 3.11.2
Number of cores used for trimming: 12
Quality Phred score cutoff: 20
Quality encoding type selected: ASCII+33
Using Illumina adapter for trimming (count: 120986). Second best hit was Nextera (count: 14)
Adapter sequence: 'AGATCGGAAGAGC' (Illumina TruSeq, Sanger iPCR; auto-detected)
Maximum trimming error rate: 0.1 (default)
Minimum required adapter overlap (stringency): 6 bp
Minimum required sequence length for both reads before a sequence pair gets removed: 20 bp
Running FastQC on the data once trimming has completed
Running FastQC with the following extra arguments: -t 8
Output file will be GZIP compressed


This is cutadapt 4.4 with Python 3.11.2
Command line parameters: -j 12 -e 0.1 -q 20 -O 6 -a AGATCGGAAGAGC /srv/scratch/voineagu/PROJECTS/NMD_data/FMR1/1-XX61045-LEJ5123_L2_1.fq.gz
Processing single-end reads on 12 cores ...
Finished in 370.673 s (4.043 µs/read; 14.84 M reads/minute).

=== Summary ===

Total reads processed:              91,689,482
Reads with adapters:                14,325,181 (15.6%)
Reads written (passing filters):    91,689,482 (100.0%)

Total basepairs processed: 13,753,422,300 bp
Quality-trimmed:              20,314,735 bp (0.1%)
Total written (filtered):  13,312,367,336 bp (96.8%)

=== Adapter 1 ===

Sequence: AGATCGGAAGAGC; Type: regular 3'; Length: 13; Trimmed: 14325181 times

Minimum overlap: 6
No. of allowed errors:
1-9 bp: 0; 10-13 bp: 1

Bases preceding removed adapters:
  A: 13.8%
  C: 36.2%
  G: 28.2%
  T: 21.5%
  none/other: 0.3%

Overview of removed sequences
length	count	expect	max.err	error counts
6	398903	22385.1	0	398903
7	394127	5596.3	0	394127
8	407339	1399.1	0	407339
9	364655	349.8	0	363887 768
10	383745	87.4	1	362715 21030
11	416956	21.9	1	387624 29332
12	408247	5.5	1	383231 25016
13	396608	1.4	1	372722 23886
14	408812	1.4	1	381460 27352
15	388616	1.4	1	364372 24244
16	381062	1.4	1	353999 27063
17	377277	1.4	1	349775 27502
18	327641	1.4	1	309580 18061
19	301302	1.4	1	285498 15804
20	321066	1.4	1	301947 19119
21	319127	1.4	1	300300 18827
22	316091	1.4	1	299083 17008
23	332892	1.4	1	313309 19583
24	335404	1.4	1	312155 23249
25	312813	1.4	1	294325 18488
26	296375	1.4	1	280525 15850
27	287041	1.4	1	270568 16473
28	260222	1.4	1	244652 15570
29	252548	1.4	1	235357 17191
30	234995	1.4	1	222620 12375
31	225434	1.4	1	213800 11634
32	240893	1.4	1	227637 13256
33	240609	1.4	1	226359 14250
34	247211	1.4	1	232859 14352
35	237065	1.4	1	223277 13788
36	249615	1.4	1	232201 17414
37	217781	1.4	1	206277 11504
38	183751	1.4	1	174571 9180
39	176742	1.4	1	166113 10629
40	181003	1.4	1	167027 13976
41	165095	1.4	1	155465 9630
42	158845	1.4	1	150793 8052
43	186138	1.4	1	174451 11687
44	193908	1.4	1	180974 12934
45	263513	1.4	1	251041 12472
46	90743	1.4	1	84854 5889
47	114566	1.4	1	108897 5669
48	184076	1.4	1	174460 9616
49	122414	1.4	1	116061 6353
50	84408	1.4	1	79376 5032
51	150715	1.4	1	142541 8174
52	111961	1.4	1	106371 5590
53	65659	1.4	1	62385 3274
54	106963	1.4	1	101379 5584
55	167935	1.4	1	160494 7441
56	128448	1.4	1	122577 5871
57	97245	1.4	1	93051 4194
58	84752	1.4	1	81119 3633
59	108440	1.4	1	103663 4777
60	26645	1.4	1	25086 1559
61	32875	1.4	1	31167 1708
62	96886	1.4	1	92924 3962
63	41608	1.4	1	39604 2004
64	30957	1.4	1	29339 1618
65	40911	1.4	1	38968 1943
66	103869	1.4	1	99745 4124
67	27147	1.4	1	25663 1484
68	41238	1.4	1	39317 1921
69	21671	1.4	1	20347 1324
70	14021	1.4	1	13038 983
71	6375	1.4	1	5928 447
72	12017	1.4	1	11425 592
73	19714	1.4	1	18772 942
74	22771	1.4	1	21707 1064
75	25561	1.4	1	24283 1278
76	26034	1.4	1	24888 1146
77	25561	1.4	1	24308 1253
78	24032	1.4	1	22800 1232
79	21586	1.4	1	20472 1114
80	18567	1.4	1	17645 922
81	15693	1.4	1	14888 805
82	13434	1.4	1	12754 680
83	12148	1.4	1	11526 622
84	11236	1.4	1	10634 602
85	11278	1.4	1	10709 569
86	11284	1.4	1	10694 590
87	11347	1.4	1	10734 613
88	11105	1.4	1	10512 593
89	9901	1.4	1	9399 502
90	8542	1.4	1	8124 418
91	7156	1.4	1	6796 360
92	6087	1.4	1	5723 364
93	4886	1.4	1	4589 297
94	4508	1.4	1	4241 267
95	4471	1.4	1	4202 269
96	4372	1.4	1	4104 268
97	4497	1.4	1	4228 269
98	4218	1.4	1	3986 232
99	4003	1.4	1	3738 265
100	3605	1.4	1	3404 201
101	2886	1.4	1	2737 149
102	2472	1.4	1	2290 182
103	2101	1.4	1	1956 145
104	1845	1.4	1	1721 124
105	1645	1.4	1	1522 123
106	1635	1.4	1	1519 116
107	1662	1.4	1	1561 101
108	1690	1.4	1	1573 117
109	1570	1.4	1	1476 94
110	1522	1.4	1	1421 101
111	1250	1.4	1	1158 92
112	1003	1.4	1	912 91
113	894	1.4	1	824 70
114	776	1.4	1	713 63
115	608	1.4	1	559 49
116	557	1.4	1	485 72
117	603	1.4	1	524 79
118	530	1.4	1	458 72
119	585	1.4	1	508 77
120	490	1.4	1	406 84
121	458	1.4	1	356 102
122	342	1.4	1	277 65
123	249	1.4	1	205 44
124	182	1.4	1	124 58
125	138	1.4	1	82 56
126	113	1.4	1	81 32
127	118	1.4	1	67 51
128	137	1.4	1	60 77
129	142	1.4	1	66 76
130	91	1.4	1	25 66
131	91	1.4	1	18 73
132	70	1.4	1	23 47
133	92	1.4	1	12 80
134	84	1.4	1	13 71
135	40	1.4	1	9 31
136	35	1.4	1	5 30
137	41	1.4	1	11 30
138	38	1.4	1	10 28
139	28	1.4	1	3 25
140	39	1.4	1	10 29
141	67	1.4	1	8 59
142	34	1.4	1	1 33
143	47	1.4	1	9 38
144	17	1.4	1	4 13
145	21	1.4	1	4 17
146	19	1.4	1	1 18
147	46	1.4	1	2 44
148	23	1.4	1	0 23
149	275	1.4	1	0 275
150	42171	1.4	1	20 42151

RUN STATISTICS FOR INPUT FILE: /srv/scratch/voineagu/PROJECTS/NMD_data/FMR1/1-XX61045-LEJ5123_L2_1.fq.gz
=============================================
91689482 sequences processed in total

