
SUMMARISING RUN PARAMETERS
==========================
Input filename: /srv/scratch/voineagu/PROJECTS/NMD_data/FMR1/1-XX61045-LEJ5123_L2_2.fq.gz
Trimming mode: paired-end
Trim Galore version: 0.6.10
Cutadapt version: 4.4
Python version: 3.11.2
Number of cores used for trimming: 12
Quality Phred score cutoff: 20
Quality encoding type selected: ASCII+33
Using Illumina adapter for trimming (count: 120986). Second best hit was Nextera (count: 14)
Adapter sequence: 'AGATCGGAAGAGC' (Illumina TruSeq, Sanger iPCR; auto-detected)
Maximum trimming error rate: 0.1 (default)
Minimum required adapter overlap (stringency): 6 bp
Minimum required sequence length for both reads before a sequence pair gets removed: 20 bp
Running FastQC on the data once trimming has completed
Running FastQC with the following extra arguments: -t 8
Output file will be GZIP compressed


This is cutadapt 4.4 with Python 3.11.2
Command line parameters: -j 12 -e 0.1 -q 20 -O 6 -a AGATCGGAAGAGC /srv/scratch/voineagu/PROJECTS/NMD_data/FMR1/1-XX61045-LEJ5123_L2_2.fq.gz
Processing single-end reads on 12 cores ...
Finished in 398.716 s (4.349 µs/read; 13.80 M reads/minute).

=== Summary ===

Total reads processed:              91,689,482
Reads with adapters:                14,186,038 (15.5%)
Reads written (passing filters):    91,689,482 (100.0%)

Total basepairs processed: 13,753,422,300 bp
Quality-trimmed:              42,395,919 bp (0.3%)
Total written (filtered):  13,297,809,083 bp (96.7%)

=== Adapter 1 ===

Sequence: AGATCGGAAGAGC; Type: regular 3'; Length: 13; Trimmed: 14186038 times

Minimum overlap: 6
No. of allowed errors:
1-9 bp: 0; 10-13 bp: 1

Bases preceding removed adapters:
  A: 13.7%
  C: 45.0%
  G: 31.4%
  T: 10.0%
  none/other: 0.0%

Overview of removed sequences
length	count	expect	max.err	error counts
6	411357	22385.1	0	411357
7	410631	5596.3	0	410631
8	445228	1399.1	0	445228
9	327247	349.8	0	325379 1868
10	393402	87.4	1	370211 23191
11	404997	21.9	1	379705 25292
12	417197	5.5	1	393940 23257
13	391355	1.4	1	371383 19972
14	424432	1.4	1	399419 25013
15	364517	1.4	1	346864 17653
16	368857	1.4	1	350020 18837
17	402235	1.4	1	380594 21641
18	270329	1.4	1	258836 11493
19	373529	1.4	1	353621 19908
20	282323	1.4	1	269215 13108
21	300947	1.4	1	286572 14375
22	313027	1.4	1	298747 14280
23	317034	1.4	1	302583 14451
24	349603	1.4	1	330301 19302
25	348958	1.4	1	333365 15593
26	257217	1.4	1	244667 12550
27	266266	1.4	1	253292 12974
28	252834	1.4	1	242414 10420
29	244923	1.4	1	233697 11226
30	241807	1.4	1	231184 10623
31	221351	1.4	1	212597 8754
32	237253	1.4	1	227340 9913
33	239318	1.4	1	229868 9450
34	247828	1.4	1	237442 10386
35	256312	1.4	1	244793 11519
36	212436	1.4	1	205010 7426
37	243158	1.4	1	232540 10618
38	165432	1.4	1	160002 5430
39	187329	1.4	1	180513 6816
40	155780	1.4	1	150951 4829
41	155094	1.4	1	150427 4667
42	160725	1.4	1	155355 5370
43	162859	1.4	1	157592 5267
44	164297	1.4	1	159235 5062
45	166996	1.4	1	161325 5671
46	176248	1.4	1	170455 5793
47	135512	1.4	1	131898 3614
48	136612	1.4	1	132052 4560
49	134485	1.4	1	130060 4425
50	101273	1.4	1	98357 2916
51	108886	1.4	1	105527 3359
52	100265	1.4	1	97353 2912
53	99131	1.4	1	96426 2705
54	108537	1.4	1	105242 3295
55	100685	1.4	1	97876 2809
56	103507	1.4	1	100619 2888
57	106270	1.4	1	102918 3352
58	84587	1.4	1	82029 2558
59	75119	1.4	1	73278 1841
60	74355	1.4	1	72127 2228
61	58344	1.4	1	56866 1478
62	56407	1.4	1	54748 1659
63	78025	1.4	1	75639 2386
64	50035	1.4	1	48637 1398
65	50953	1.4	1	49603 1350
66	55643	1.4	1	54340 1303
67	52838	1.4	1	51604 1234
68	53889	1.4	1	52318 1571
69	39646	1.4	1	38756 890
70	38378	1.4	1	37439 939
71	33232	1.4	1	32399 833
72	31475	1.4	1	30623 852
73	40256	1.4	1	39268 988
74	39020	1.4	1	38077 943
75	51253	1.4	1	50184 1069
76	30365	1.4	1	29645 720
77	13928	1.4	1	13418 510
78	14129	1.4	1	13619 510
79	13438	1.4	1	12991 447
80	12641	1.4	1	12240 401
81	11237	1.4	1	10867 370
82	9997	1.4	1	9647 350
83	10098	1.4	1	9744 354
84	9608	1.4	1	9264 344
85	9999	1.4	1	9691 308
86	9453	1.4	1	9113 340
87	9447	1.4	1	9120 327
88	8932	1.4	1	8621 311
89	8573	1.4	1	8301 272
90	7950	1.4	1	7703 247
91	6322	1.4	1	6063 259
92	5634	1.4	1	5398 236
93	4571	1.4	1	4374 197
94	3929	1.4	1	3697 232
95	4154	1.4	1	3971 183
96	4030	1.4	1	3824 206
97	4083	1.4	1	3893 190
98	4234	1.4	1	3954 280
99	4155	1.4	1	3953 202
100	3841	1.4	1	3641 200
101	2808	1.4	1	2632 176
102	2333	1.4	1	2167 166
103	1967	1.4	1	1777 190
104	1701	1.4	1	1518 183
105	1629	1.4	1	1493 136
106	1616	1.4	1	1480 136
107	1652	1.4	1	1535 117
108	1721	1.4	1	1596 125
109	1527	1.4	1	1388 139
110	1525	1.4	1	1365 160
111	1242	1.4	1	1129 113
112	988	1.4	1	868 120
113	821	1.4	1	721 100
114	749	1.4	1	641 108
115	584	1.4	1	502 82
116	562	1.4	1	485 77
117	610	1.4	1	524 86
118	572	1.4	1	472 100
119	663	1.4	1	515 148
120	537	1.4	1	436 101
121	469	1.4	1	354 115
122	382	1.4	1	268 114
123	310	1.4	1	210 100
124	288	1.4	1	127 161
125	170	1.4	1	99 71
126	192	1.4	1	81 111
127	163	1.4	1	81 82
128	176	1.4	1	64 112
129	165	1.4	1	64 101
130	179	1.4	1	31 148
131	111	1.4	1	18 93
132	128	1.4	1	25 103
133	87	1.4	1	14 73
134	87	1.4	1	19 68
135	91	1.4	1	8 83
136	84	1.4	1	5 79
137	88	1.4	1	9 79
138	64	1.4	1	11 53
139	48	1.4	1	5 43
140	54	1.4	1	11 43
141	110	1.4	1	7 103
142	75	1.4	1	1 74
143	82	1.4	1	8 74
144	39	1.4	1	4 35
145	84	1.4	1	3 81
146	60	1.4	1	0 60
147	140	1.4	1	1 139
148	67	1.4	1	1 66
149	73	1.4	1	0 73
150	131	1.4	1	20 111

RUN STATISTICS FOR INPUT FILE: /srv/scratch/voineagu/PROJECTS/NMD_data/FMR1/1-XX61045-LEJ5123_L2_2.fq.gz
=============================================
91689482 sequences processed in total

Total number of sequences analysed for the sequence pair length validation: 91689482

Number of sequence pairs removed because at least one read was shorter than the length cutoff (20 bp): 110436 (0.12%)
