
SUMMARISING RUN PARAMETERS
==========================
Input filename: /srv/scratch/voineagu/PROJECTS/NMD_data/FMR1/183_L3_1.fq.gz
Trimming mode: paired-end
Trim Galore version: 0.6.10
Cutadapt version: 4.4
Python version: 3.11.2
Number of cores used for trimming: 12
Quality Phred score cutoff: 20
Quality encoding type selected: ASCII+33
Using Illumina adapter for trimming (count: 11962). Second best hit was smallRNA (count: 26)
Adapter sequence: 'AGATCGGAAGAGC' (Illumina TruSeq, Sanger iPCR; auto-detected)
Maximum trimming error rate: 0.1 (default)
Minimum required adapter overlap (stringency): 6 bp
Minimum required sequence length for both reads before a sequence pair gets removed: 20 bp
Running FastQC on the data once trimming has completed
Running FastQC with the following extra arguments: -t 8
Output file will be GZIP compressed


This is cutadapt 4.4 with Python 3.11.2
Command line parameters: -j 12 -e 0.1 -q 20 -O 6 -a AGATCGGAAGAGC /srv/scratch/voineagu/PROJECTS/NMD_data/FMR1/183_L3_1.fq.gz
Processing single-end reads on 12 cores ...
Finished in 461.467 s (4.382 µs/read; 13.69 M reads/minute).

=== Summary ===

Total reads processed:             105,308,067
Reads with adapters:                 1,575,435 (1.5%)
Reads written (passing filters):   105,308,067 (100.0%)

Total basepairs processed: 15,796,210,050 bp
Quality-trimmed:              13,875,087 bp (0.1%)
Total written (filtered):  15,744,239,714 bp (99.7%)

=== Adapter 1 ===

Sequence: AGATCGGAAGAGC; Type: regular 3'; Length: 13; Trimmed: 1575435 times

Minimum overlap: 6
No. of allowed errors:
1-9 bp: 0; 10-13 bp: 1

Bases preceding removed adapters:
  A: 8.4%
  C: 37.7%
  G: 34.7%
  T: 19.3%
  none/other: 0.0%

Overview of removed sequences
length	count	expect	max.err	error counts
6	66349	25710.0	0	66349
7	61171	6427.5	0	61171
8	64018	1606.9	0	64018
9	54761	401.7	0	53592 1169
10	55651	100.4	1	52224 3427
11	57568	25.1	1	53865 3703
12	55232	6.3	1	52506 2726
13	50806	1.6	1	48310 2496
14	50779	1.6	1	48129 2650
15	49913	1.6	1	47533 2380
16	47212	1.6	1	44605 2607
17	49399	1.6	1	46522 2877
18	45063	1.6	1	43096 1967
19	38632	1.6	1	37085 1547
20	41991	1.6	1	39994 1997
21	40087	1.6	1	38315 1772
22	38255	1.6	1	36713 1542
23	38837	1.6	1	37133 1704
24	35929	1.6	1	34105 1824
25	33713	1.6	1	32281 1432
26	32761	1.6	1	31479 1282
27	33190	1.6	1	31790 1400
28	31109	1.6	1	29768 1341
29	28727	1.6	1	27423 1304
30	28071	1.6	1	27032 1039
31	25283	1.6	1	24314 969
32	25609	1.6	1	24556 1053
33	25220	1.6	1	24079 1141
34	24764	1.6	1	23675 1089
35	21997	1.6	1	21244 753
36	24485	1.6	1	23516 969
37	18839	1.6	1	17936 903
38	18407	1.6	1	17709 698
39	18024	1.6	1	17284 740
40	17177	1.6	1	16492 685
41	16979	1.6	1	16308 671
42	16274	1.6	1	15620 654
43	13770	1.6	1	13199 571
44	14181	1.6	1	13427 754
45	19780	1.6	1	19159 621
46	5021	1.6	1	4725 296
47	9845	1.6	1	9461 384
48	15674	1.6	1	15129 545
49	9817	1.6	1	9380 437
50	5113	1.6	1	4793 320
51	11242	1.6	1	10829 413
52	7604	1.6	1	7296 308
53	4217	1.6	1	4033 184
54	6635	1.6	1	6309 326
55	10241	1.6	1	9915 326
56	5659	1.6	1	5444 215
57	5466	1.6	1	5255 211
58	4063	1.6	1	3870 193
59	4988	1.6	1	4801 187
60	1560	1.6	1	1460 100
61	1749	1.6	1	1630 119
62	4887	1.6	1	4693 194
63	2300	1.6	1	2184 116
64	1436	1.6	1	1327 109
65	1684	1.6	1	1566 118
66	4646	1.6	1	4508 138
67	817	1.6	1	717 100
68	1281	1.6	1	1202 79
69	562	1.6	1	531 31
70	420	1.6	1	354 66
71	191	1.6	1	109 82
72	313	1.6	1	253 60
73	754	1.6	1	544 210
74	846	1.6	1	719 127
75	882	1.6	1	801 81
76	776	1.6	1	704 72
77	754	1.6	1	657 97
78	761	1.6	1	682 79
79	618	1.6	1	532 86
80	613	1.6	1	535 78
81	547	1.6	1	469 78
82	551	1.6	1	479 72
83	499	1.6	1	415 84
84	450	1.6	1	369 81
85	468	1.6	1	358 110
86	433	1.6	1	325 108
87	415	1.6	1	328 87
88	387	1.6	1	287 100
89	355	1.6	1	286 69
90	331	1.6	1	237 94
91	325	1.6	1	223 102
92	352	1.6	1	240 112
93	274	1.6	1	197 77
94	280	1.6	1	159 121
95	259	1.6	1	191 68
96	187	1.6	1	131 56
97	207	1.6	1	119 88
98	213	1.6	1	127 86
99	234	1.6	1	151 83
100	233	1.6	1	137 96
101	181	1.6	1	108 73
102	233	1.6	1	106 127
103	161	1.6	1	84 77
104	185	1.6	1	103 82
105	150	1.6	1	88 62
106	169	1.6	1	88 81
107	158	1.6	1	98 60
108	182	1.6	1	98 84
109	130	1.6	1	73 57
110	172	1.6	1	72 100
111	107	1.6	1	53 54
112	121	1.6	1	70 51
113	114	1.6	1	56 58
114	118	1.6	1	62 56
115	83	1.6	1	53 30
116	115	1.6	1	43 72
117	100	1.6	1	55 45
118	95	1.6	1	47 48
119	132	1.6	1	67 65
120	140	1.6	1	50 90
121	142	1.6	1	46 96
122	95	1.6	1	48 47
123	69	1.6	1	33 36
124	143	1.6	1	27 116
125	86	1.6	1	27 59
126	56	1.6	1	26 30
127	50	1.6	1	16 34
128	100	1.6	1	26 74
129	57	1.6	1	21 36
130	38	1.6	1	11 27
131	83	1.6	1	16 67
132	76	1.6	1	21 55
133	106	1.6	1	8 98
134	82	1.6	1	4 78
135	79	1.6	1	10 69
136	80	1.6	1	7 73
137	54	1.6	1	6 48
138	107	1.6	1	4 103
139	46	1.6	1	2 44
140	65	1.6	1	3 62
141	75	1.6	1	4 71
142	73	1.6	1	0 73
143	33	1.6	1	1 32
144	22	1.6	1	1 21
145	18	1.6	1	2 16
146	31	1.6	1	2 29
147	36	1.6	1	4 32
148	19	1.6	1	3 16
149	21	1.6	1	0 21
150	199	1.6	1	1 198

RUN STATISTICS FOR INPUT FILE: /srv/scratch/voineagu/PROJECTS/NMD_data/FMR1/183_L3_1.fq.gz
=============================================
105308067 sequences processed in total

