
SUMMARISING RUN PARAMETERS
==========================
Input filename: /srv/scratch/voineagu/PROJECTS/NMD_data/FMR1/184_L3_2.fq.gz
Trimming mode: paired-end
Trim Galore version: 0.6.10
Cutadapt version: 4.4
Python version: 3.11.2
Number of cores used for trimming: 12
Quality Phred score cutoff: 20
Quality encoding type selected: ASCII+33
Using Illumina adapter for trimming (count: 14246). Second best hit was smallRNA (count: 18)
Adapter sequence: 'AGATCGGAAGAGC' (Illumina TruSeq, Sanger iPCR; auto-detected)
Maximum trimming error rate: 0.1 (default)
Minimum required adapter overlap (stringency): 6 bp
Minimum required sequence length for both reads before a sequence pair gets removed: 20 bp
Running FastQC on the data once trimming has completed
Running FastQC with the following extra arguments: -t 8
Output file will be GZIP compressed


This is cutadapt 4.4 with Python 3.11.2
Command line parameters: -j 12 -e 0.1 -q 20 -O 6 -a AGATCGGAAGAGC /srv/scratch/voineagu/PROJECTS/NMD_data/FMR1/184_L3_2.fq.gz
Processing single-end reads on 12 cores ...
Finished in 540.761 s (4.725 µs/read; 12.70 M reads/minute).

=== Summary ===

Total reads processed:             114,452,285
Reads with adapters:                 2,053,892 (1.8%)
Reads written (passing filters):   114,452,285 (100.0%)

Total basepairs processed: 17,167,842,750 bp
Quality-trimmed:              29,899,928 bp (0.2%)
Total written (filtered):  17,086,275,384 bp (99.5%)

=== Adapter 1 ===

Sequence: AGATCGGAAGAGC; Type: regular 3'; Length: 13; Trimmed: 2053892 times

Minimum overlap: 6
No. of allowed errors:
1-9 bp: 0; 10-13 bp: 1

Bases preceding removed adapters:
  A: 6.4%
  C: 44.5%
  G: 36.1%
  T: 13.0%
  none/other: 0.0%

Overview of removed sequences
length	count	expect	max.err	error counts
6	88044	27942.5	0	88044
7	86224	6985.6	0	86224
8	84254	1746.4	0	84254
9	60248	436.6	0	57149 3099
10	75533	109.2	1	66200 9333
11	68753	27.3	1	62048 6705
12	69374	6.8	1	64537 4837
13	62280	1.7	1	58274 4006
14	67774	1.7	1	62796 4978
15	57170	1.7	1	53662 3508
16	58366	1.7	1	54428 3938
17	67891	1.7	1	63467 4424
18	42919	1.7	1	40508 2411
19	71432	1.7	1	67004 4428
20	44307	1.7	1	41527 2780
21	41323	1.7	1	39121 2202
22	46969	1.7	1	44182 2787
23	46934	1.7	1	44230 2704
24	59715	1.7	1	55628 4087
25	44397	1.7	1	41911 2486
26	36529	1.7	1	34626 1903
27	35471	1.7	1	33641 1830
28	39605	1.7	1	37507 2098
29	35749	1.7	1	33869 1880
30	35147	1.7	1	33336 1811
31	35275	1.7	1	33473 1802
32	38002	1.7	1	35993 2009
33	32342	1.7	1	30790 1552
34	28377	1.7	1	27000 1377
35	31046	1.7	1	29568 1478
36	27141	1.7	1	25979 1162
37	29180	1.7	1	27787 1393
38	26954	1.7	1	25707 1247
39	22563	1.7	1	21324 1239
40	25218	1.7	1	24097 1121
41	19607	1.7	1	18690 917
42	20026	1.7	1	19074 952
43	19120	1.7	1	18260 860
44	18829	1.7	1	17883 946
45	18185	1.7	1	17255 930
46	18530	1.7	1	17569 961
47	14431	1.7	1	13738 693
48	13916	1.7	1	13151 765
49	15465	1.7	1	14719 746
50	11207	1.7	1	10528 679
51	12529	1.7	1	11918 611
52	10375	1.7	1	9835 540
53	9920	1.7	1	9422 498
54	10416	1.7	1	9900 516
55	7965	1.7	1	7601 364
56	8339	1.7	1	7920 419
57	9641	1.7	1	9066 575
58	5639	1.7	1	5269 370
59	5644	1.7	1	5334 310
60	6784	1.7	1	6337 447
61	4926	1.7	1	4564 362
62	4758	1.7	1	4383 375
63	7897	1.7	1	7356 541
64	3482	1.7	1	3144 338
65	2705	1.7	1	2473 232
66	3088	1.7	1	2799 289
67	3178	1.7	1	2930 248
68	2890	1.7	1	2614 276
69	2358	1.7	1	2187 171
70	2726	1.7	1	2488 238
71	2204	1.7	1	1970 234
72	2279	1.7	1	1915 364
73	3111	1.7	1	2802 309
74	1740	1.7	1	1535 205
75	1223	1.7	1	1001 222
76	496	1.7	1	345 151
77	667	1.7	1	481 186
78	906	1.7	1	689 217
79	937	1.7	1	752 185
80	981	1.7	1	752 229
81	910	1.7	1	674 236
82	873	1.7	1	677 196
83	877	1.7	1	629 248
84	865	1.7	1	615 250
85	780	1.7	1	618 162
86	702	1.7	1	530 172
87	657	1.7	1	480 177
88	669	1.7	1	455 214
89	675	1.7	1	461 214
90	663	1.7	1	492 171
91	574	1.7	1	407 167
92	548	1.7	1	388 160
93	557	1.7	1	353 204
94	498	1.7	1	284 214
95	455	1.7	1	305 150
96	381	1.7	1	262 119
97	429	1.7	1	276 153
98	529	1.7	1	261 268
99	437	1.7	1	258 179
100	425	1.7	1	278 147
101	427	1.7	1	206 221
102	325	1.7	1	178 147
103	438	1.7	1	176 262
104	472	1.7	1	215 257
105	322	1.7	1	185 137
106	327	1.7	1	172 155
107	278	1.7	1	159 119
108	251	1.7	1	144 107
109	287	1.7	1	175 112
110	299	1.7	1	142 157
111	281	1.7	1	161 120
112	325	1.7	1	160 165
113	281	1.7	1	142 139
114	270	1.7	1	145 125
115	235	1.7	1	110 125
116	233	1.7	1	112 121
117	203	1.7	1	89 114
118	219	1.7	1	107 112
119	249	1.7	1	96 153
120	212	1.7	1	81 131
121	256	1.7	1	103 153
122	227	1.7	1	91 136
123	198	1.7	1	68 130
124	213	1.7	1	63 150
125	197	1.7	1	54 143
126	164	1.7	1	61 103
127	161	1.7	1	41 120
128	170	1.7	1	34 136
129	118	1.7	1	33 85
130	224	1.7	1	30 194
131	120	1.7	1	27 93
132	162	1.7	1	13 149
133	139	1.7	1	17 122
134	94	1.7	1	29 65
135	132	1.7	1	7 125
136	115	1.7	1	16 99
137	112	1.7	1	14 98
138	114	1.7	1	8 106
139	76	1.7	1	12 64
140	48	1.7	1	3 45
141	93	1.7	1	4 89
142	95	1.7	1	4 91
143	54	1.7	1	4 50
144	54	1.7	1	2 52
145	86	1.7	1	2 84
146	63	1.7	1	1 62
147	108	1.7	1	2 106
148	75	1.7	1	0 75
149	83	1.7	1	0 83
150	77	1.7	1	0 77

RUN STATISTICS FOR INPUT FILE: /srv/scratch/voineagu/PROJECTS/NMD_data/FMR1/184_L3_2.fq.gz
=============================================
114452285 sequences processed in total

Total number of sequences analysed for the sequence pair length validation: 114452285

Number of sequence pairs removed because at least one read was shorter than the length cutoff (20 bp): 27021 (0.02%)
