
SUMMARISING RUN PARAMETERS
==========================
Input filename: /srv/scratch/voineagu/PROJECTS/NMD_data/FMR1/184_L3_1.fq.gz
Trimming mode: paired-end
Trim Galore version: 0.6.10
Cutadapt version: 4.4
Python version: 3.11.2
Number of cores used for trimming: 12
Quality Phred score cutoff: 20
Quality encoding type selected: ASCII+33
Using Illumina adapter for trimming (count: 14246). Second best hit was smallRNA (count: 18)
Adapter sequence: 'AGATCGGAAGAGC' (Illumina TruSeq, Sanger iPCR; auto-detected)
Maximum trimming error rate: 0.1 (default)
Minimum required adapter overlap (stringency): 6 bp
Minimum required sequence length for both reads before a sequence pair gets removed: 20 bp
Running FastQC on the data once trimming has completed
Running FastQC with the following extra arguments: -t 8
Output file will be GZIP compressed


This is cutadapt 4.4 with Python 3.11.2
Command line parameters: -j 12 -e 0.1 -q 20 -O 6 -a AGATCGGAAGAGC /srv/scratch/voineagu/PROJECTS/NMD_data/FMR1/184_L3_1.fq.gz
Processing single-end reads on 12 cores ...
Finished in 519.264 s (4.537 µs/read; 13.22 M reads/minute).

=== Summary ===

Total reads processed:             114,452,285
Reads with adapters:                 2,007,500 (1.8%)
Reads written (passing filters):   114,452,285 (100.0%)

Total basepairs processed: 17,167,842,750 bp
Quality-trimmed:              15,566,535 bp (0.1%)
Total written (filtered):  17,102,371,007 bp (99.6%)

=== Adapter 1 ===

Sequence: AGATCGGAAGAGC; Type: regular 3'; Length: 13; Trimmed: 2007500 times

Minimum overlap: 6
No. of allowed errors:
1-9 bp: 0; 10-13 bp: 1

Bases preceding removed adapters:
  A: 8.4%
  C: 38.5%
  G: 33.8%
  T: 19.3%
  none/other: 0.0%

Overview of removed sequences
length	count	expect	max.err	error counts
6	79020	27942.5	0	79020
7	75089	6985.6	0	75089
8	78895	1746.4	0	78895
9	67325	436.6	0	66101 1224
10	69103	109.2	1	64922 4181
11	70368	27.3	1	65909 4459
12	68429	6.8	1	65101 3328
13	61837	1.7	1	58876 2961
14	63334	1.7	1	60034 3300
15	60833	1.7	1	58021 2812
16	59172	1.7	1	55925 3247
17	60231	1.7	1	56703 3528
18	54855	1.7	1	52614 2241
19	48385	1.7	1	46506 1879
20	52165	1.7	1	49796 2369
21	50558	1.7	1	48354 2204
22	47933	1.7	1	45881 2052
23	48051	1.7	1	46004 2047
24	45823	1.7	1	43467 2356
25	42826	1.7	1	41107 1719
26	41785	1.7	1	40204 1581
27	42033	1.7	1	40339 1694
28	38200	1.7	1	36666 1534
29	38724	1.7	1	36915 1809
30	35352	1.7	1	34160 1192
31	33247	1.7	1	31922 1325
32	33790	1.7	1	32557 1233
33	32092	1.7	1	30668 1424
34	32025	1.7	1	30722 1303
35	31170	1.7	1	29822 1348
36	27344	1.7	1	26376 968
37	25940	1.7	1	25040 900
38	27066	1.7	1	26046 1020
39	25205	1.7	1	23835 1370
40	22291	1.7	1	21531 760
41	23114	1.7	1	22235 879
42	23641	1.7	1	22860 781
43	17107	1.7	1	16252 855
44	19508	1.7	1	18555 953
45	27649	1.7	1	26792 857
46	6607	1.7	1	6220 387
47	14394	1.7	1	13837 557
48	20392	1.7	1	19675 717
49	13582	1.7	1	13059 523
50	8206	1.7	1	7795 411
51	15323	1.7	1	14739 584
52	10737	1.7	1	10325 412
53	6690	1.7	1	6418 272
54	9702	1.7	1	9202 500
55	13582	1.7	1	13185 397
56	7432	1.7	1	7140 292
57	8416	1.7	1	8154 262
58	6303	1.7	1	6057 246
59	7183	1.7	1	6924 259
60	2832	1.7	1	2714 118
61	2750	1.7	1	2602 148
62	7171	1.7	1	6977 194
63	4001	1.7	1	3821 180
64	2356	1.7	1	2216 140
65	2476	1.7	1	2322 154
66	6834	1.7	1	6654 180
67	1455	1.7	1	1352 103
68	1989	1.7	1	1914 75
69	863	1.7	1	815 48
70	635	1.7	1	571 64
71	230	1.7	1	142 88
72	423	1.7	1	357 66
73	921	1.7	1	771 150
74	1187	1.7	1	1076 111
75	1174	1.7	1	1071 103
76	1216	1.7	1	1083 133
77	1131	1.7	1	1013 118
78	966	1.7	1	861 105
79	967	1.7	1	854 113
80	849	1.7	1	756 93
81	738	1.7	1	640 98
82	697	1.7	1	592 105
83	669	1.7	1	579 90
84	644	1.7	1	542 102
85	642	1.7	1	538 104
86	564	1.7	1	449 115
87	490	1.7	1	405 85
88	479	1.7	1	387 92
89	484	1.7	1	401 83
90	490	1.7	1	379 111
91	409	1.7	1	320 89
92	411	1.7	1	267 144
93	354	1.7	1	249 105
94	336	1.7	1	207 129
95	341	1.7	1	249 92
96	260	1.7	1	194 66
97	364	1.7	1	218 146
98	255	1.7	1	186 69
99	239	1.7	1	163 76
100	267	1.7	1	173 94
101	213	1.7	1	141 72
102	267	1.7	1	130 137
103	211	1.7	1	130 81
104	239	1.7	1	153 86
105	227	1.7	1	128 99
106	203	1.7	1	104 99
107	167	1.7	1	104 63
108	206	1.7	1	92 114
109	197	1.7	1	124 73
110	176	1.7	1	94 82
111	177	1.7	1	111 66
112	178	1.7	1	115 63
113	156	1.7	1	83 73
114	161	1.7	1	90 71
115	126	1.7	1	82 44
116	146	1.7	1	65 81
117	104	1.7	1	55 49
118	138	1.7	1	70 68
119	119	1.7	1	56 63
120	122	1.7	1	57 65
121	185	1.7	1	71 114
122	141	1.7	1	62 79
123	92	1.7	1	39 53
124	160	1.7	1	39 121
125	76	1.7	1	38 38
126	66	1.7	1	34 32
127	76	1.7	1	34 42
128	78	1.7	1	31 47
129	72	1.7	1	25 47
130	43	1.7	1	18 25
131	121	1.7	1	20 101
132	57	1.7	1	11 46
133	83	1.7	1	13 70
134	107	1.7	1	26 81
135	62	1.7	1	6 56
136	74	1.7	1	16 58
137	81	1.7	1	12 69
138	136	1.7	1	5 131
139	84	1.7	1	11 73
140	40	1.7	1	5 35
141	83	1.7	1	2 81
142	49	1.7	1	3 46
143	50	1.7	1	4 46
144	33	1.7	1	3 30
145	20	1.7	1	1 19
146	33	1.7	1	1 32
147	59	1.7	1	3 56
148	20	1.7	1	1 19
149	19	1.7	1	0 19
150	144	1.7	1	0 144

RUN STATISTICS FOR INPUT FILE: /srv/scratch/voineagu/PROJECTS/NMD_data/FMR1/184_L3_1.fq.gz
=============================================
114452285 sequences processed in total

