
SUMMARISING RUN PARAMETERS
==========================
Input filename: /srv/scratch/voineagu/PROJECTS/NMD_data/FMR1/185_L3_1.fq.gz
Trimming mode: paired-end
Trim Galore version: 0.6.10
Cutadapt version: 4.4
Python version: 3.11.2
Number of cores used for trimming: 12
Quality Phred score cutoff: 20
Quality encoding type selected: ASCII+33
Using Illumina adapter for trimming (count: 12479). Second best hit was smallRNA (count: 21)
Adapter sequence: 'AGATCGGAAGAGC' (Illumina TruSeq, Sanger iPCR; auto-detected)
Maximum trimming error rate: 0.1 (default)
Minimum required adapter overlap (stringency): 6 bp
Minimum required sequence length for both reads before a sequence pair gets removed: 20 bp
Running FastQC on the data once trimming has completed
Running FastQC with the following extra arguments: -t 8
Output file will be GZIP compressed


This is cutadapt 4.4 with Python 3.11.2
Command line parameters: -j 12 -e 0.1 -q 20 -O 6 -a AGATCGGAAGAGC /srv/scratch/voineagu/PROJECTS/NMD_data/FMR1/185_L3_1.fq.gz
Processing single-end reads on 12 cores ...
Finished in 539.230 s (4.694 µs/read; 12.78 M reads/minute).

=== Summary ===

Total reads processed:             114,882,905
Reads with adapters:                 1,794,763 (1.6%)
Reads written (passing filters):   114,882,905 (100.0%)

Total basepairs processed: 17,232,435,750 bp
Quality-trimmed:              15,084,034 bp (0.1%)
Total written (filtered):  17,173,675,955 bp (99.7%)

=== Adapter 1 ===

Sequence: AGATCGGAAGAGC; Type: regular 3'; Length: 13; Trimmed: 1794763 times

Minimum overlap: 6
No. of allowed errors:
1-9 bp: 0; 10-13 bp: 1

Bases preceding removed adapters:
  A: 8.6%
  C: 37.7%
  G: 34.9%
  T: 18.8%
  none/other: 0.0%

Overview of removed sequences
length	count	expect	max.err	error counts
6	74513	28047.6	0	74513
7	70529	7011.9	0	70529
8	72778	1753.0	0	72778
9	62812	438.2	0	61557 1255
10	63624	109.6	1	59615 4009
11	64867	27.4	1	60701 4166
12	62936	6.8	1	59903 3033
13	55775	1.7	1	53228 2547
14	57534	1.7	1	54508 3026
15	55043	1.7	1	52546 2497
16	53631	1.7	1	50672 2959
17	54709	1.7	1	51458 3251
18	49887	1.7	1	47810 2077
19	44354	1.7	1	42607 1747
20	47415	1.7	1	45313 2102
21	45593	1.7	1	43560 2033
22	43539	1.7	1	41743 1796
23	42920	1.7	1	41104 1816
24	40985	1.7	1	38872 2113
25	38706	1.7	1	37150 1556
26	37795	1.7	1	36382 1413
27	37387	1.7	1	35841 1546
28	34697	1.7	1	33278 1419
29	32456	1.7	1	30970 1486
30	31984	1.7	1	30816 1168
31	29325	1.7	1	28184 1141
32	30366	1.7	1	29275 1091
33	27348	1.7	1	26180 1168
34	29093	1.7	1	27831 1262
35	30075	1.7	1	29238 837
36	18083	1.7	1	17250 833
37	24511	1.7	1	23328 1183
38	22671	1.7	1	21816 855
39	20520	1.7	1	19826 694
40	18426	1.7	1	17718 708
41	18994	1.7	1	18270 724
42	20576	1.7	1	19672 904
43	17807	1.7	1	17030 777
44	14243	1.7	1	13608 635
45	24809	1.7	1	24022 787
46	5096	1.7	1	4777 319
47	12311	1.7	1	11761 550
48	21418	1.7	1	20646 772
49	10569	1.7	1	10133 436
50	5664	1.7	1	5317 347
51	13391	1.7	1	12948 443
52	9097	1.7	1	8785 312
53	4860	1.7	1	4639 221
54	8594	1.7	1	8131 463
55	12674	1.7	1	12312 362
56	5879	1.7	1	5662 217
57	6747	1.7	1	6483 264
58	4430	1.7	1	4227 203
59	5693	1.7	1	5497 196
60	1812	1.7	1	1719 93
61	1962	1.7	1	1810 152
62	5668	1.7	1	5482 186
63	2686	1.7	1	2551 135
64	1543	1.7	1	1412 131
65	1928	1.7	1	1809 119
66	5088	1.7	1	4940 148
67	900	1.7	1	801 99
68	1331	1.7	1	1242 89
69	701	1.7	1	643 58
70	538	1.7	1	479 59
71	195	1.7	1	111 84
72	333	1.7	1	254 79
73	779	1.7	1	594 185
74	931	1.7	1	807 124
75	1031	1.7	1	897 134
76	905	1.7	1	787 118
77	976	1.7	1	839 137
78	843	1.7	1	733 110
79	775	1.7	1	665 110
80	728	1.7	1	635 93
81	673	1.7	1	593 80
82	577	1.7	1	502 75
83	546	1.7	1	466 80
84	541	1.7	1	429 112
85	539	1.7	1	401 138
86	493	1.7	1	382 111
87	427	1.7	1	314 113
88	429	1.7	1	329 100
89	413	1.7	1	329 84
90	380	1.7	1	268 112
91	316	1.7	1	230 86
92	330	1.7	1	232 98
93	303	1.7	1	213 90
94	330	1.7	1	202 128
95	297	1.7	1	195 102
96	218	1.7	1	154 64
97	317	1.7	1	173 144
98	260	1.7	1	181 79
99	224	1.7	1	159 65
100	244	1.7	1	168 76
101	192	1.7	1	128 64
102	249	1.7	1	118 131
103	191	1.7	1	117 74
104	208	1.7	1	120 88
105	169	1.7	1	89 80
106	155	1.7	1	92 63
107	150	1.7	1	92 58
108	151	1.7	1	89 62
109	170	1.7	1	90 80
110	170	1.7	1	87 83
111	133	1.7	1	75 58
112	156	1.7	1	75 81
113	170	1.7	1	89 81
114	108	1.7	1	52 56
115	81	1.7	1	43 38
116	145	1.7	1	52 93
117	106	1.7	1	63 43
118	125	1.7	1	63 62
119	116	1.7	1	54 62
120	154	1.7	1	55 99
121	196	1.7	1	67 129
122	115	1.7	1	54 61
123	69	1.7	1	25 44
124	154	1.7	1	47 107
125	101	1.7	1	46 55
126	69	1.7	1	36 33
127	101	1.7	1	39 62
128	85	1.7	1	34 51
129	50	1.7	1	19 31
130	62	1.7	1	24 38
131	111	1.7	1	12 99
132	63	1.7	1	16 47
133	116	1.7	1	15 101
134	101	1.7	1	11 90
135	72	1.7	1	11 61
136	96	1.7	1	11 85
137	93	1.7	1	10 83
138	88	1.7	1	6 82
139	84	1.7	1	2 82
140	54	1.7	1	7 47
141	64	1.7	1	1 63
142	37	1.7	1	1 36
143	54	1.7	1	4 50
144	22	1.7	1	1 21
145	19	1.7	1	2 17
146	28	1.7	1	3 25
147	54	1.7	1	5 49
148	24	1.7	1	2 22
149	24	1.7	1	0 24
150	209	1.7	1	0 209

RUN STATISTICS FOR INPUT FILE: /srv/scratch/voineagu/PROJECTS/NMD_data/FMR1/185_L3_1.fq.gz
=============================================
114882905 sequences processed in total

