
SUMMARISING RUN PARAMETERS
==========================
Input filename: /srv/scratch/voineagu/PROJECTS/NMD_data/FMR1/186_L3_2.fq.gz
Trimming mode: paired-end
Trim Galore version: 0.6.10
Cutadapt version: 4.4
Python version: 3.11.2
Number of cores used for trimming: 12
Quality Phred score cutoff: 20
Quality encoding type selected: ASCII+33
Using Illumina adapter for trimming (count: 15208). Second best hit was smallRNA (count: 16)
Adapter sequence: 'AGATCGGAAGAGC' (Illumina TruSeq, Sanger iPCR; auto-detected)
Maximum trimming error rate: 0.1 (default)
Minimum required adapter overlap (stringency): 6 bp
Minimum required sequence length for both reads before a sequence pair gets removed: 20 bp
Running FastQC on the data once trimming has completed
Running FastQC with the following extra arguments: -t 8
Output file will be GZIP compressed


This is cutadapt 4.4 with Python 3.11.2
Command line parameters: -j 12 -e 0.1 -q 20 -O 6 -a AGATCGGAAGAGC /srv/scratch/voineagu/PROJECTS/NMD_data/FMR1/186_L3_2.fq.gz
Processing single-end reads on 12 cores ...
Finished in 532.866 s (4.734 µs/read; 12.67 M reads/minute).

=== Summary ===

Total reads processed:             112,551,692
Reads with adapters:                 2,151,264 (1.9%)
Reads written (passing filters):   112,551,692 (100.0%)

Total basepairs processed: 16,882,753,800 bp
Quality-trimmed:              28,582,316 bp (0.2%)
Total written (filtered):  16,799,064,656 bp (99.5%)

=== Adapter 1 ===

Sequence: AGATCGGAAGAGC; Type: regular 3'; Length: 13; Trimmed: 2151264 times

Minimum overlap: 6
No. of allowed errors:
1-9 bp: 0; 10-13 bp: 1

Bases preceding removed adapters:
  A: 8.6%
  C: 42.6%
  G: 36.0%
  T: 12.8%
  none/other: 0.0%

Overview of removed sequences
length	count	expect	max.err	error counts
6	90987	27478.4	0	90987
7	88242	6869.6	0	88242
8	86079	1717.4	0	86079
9	61794	429.4	0	58995 2799
10	76407	107.3	1	67630 8777
11	70731	26.8	1	64493 6238
12	71086	6.7	1	66373 4713
13	64664	1.7	1	60654 4010
14	68296	1.7	1	63258 5038
15	59594	1.7	1	56075 3519
16	60146	1.7	1	56163 3983
17	68685	1.7	1	64298 4387
18	45867	1.7	1	43385 2482
19	72396	1.7	1	68052 4344
20	46229	1.7	1	43548 2681
21	43399	1.7	1	41156 2243
22	48095	1.7	1	45387 2708
23	48022	1.7	1	45399 2623
24	61797	1.7	1	57610 4187
25	45787	1.7	1	43436 2351
26	38366	1.7	1	36521 1845
27	35768	1.7	1	34028 1740
28	41601	1.7	1	39430 2171
29	36638	1.7	1	34705 1933
30	38437	1.7	1	36674 1763
31	36172	1.7	1	34453 1719
32	34953	1.7	1	33346 1607
33	34371	1.7	1	32664 1707
34	37610	1.7	1	35620 1990
35	27887	1.7	1	26674 1213
36	31172	1.7	1	29745 1427
37	33455	1.7	1	31828 1627
38	25623	1.7	1	24515 1108
39	24398	1.7	1	23129 1269
40	24909	1.7	1	23760 1149
41	22582	1.7	1	21474 1108
42	23179	1.7	1	22129 1050
43	19777	1.7	1	18963 814
44	21011	1.7	1	20079 932
45	19705	1.7	1	18788 917
46	19942	1.7	1	18992 950
47	16271	1.7	1	15508 763
48	15539	1.7	1	14793 746
49	16668	1.7	1	15919 749
50	12416	1.7	1	11701 715
51	13894	1.7	1	13242 652
52	11923	1.7	1	11377 546
53	11435	1.7	1	10879 556
54	12076	1.7	1	11482 594
55	8820	1.7	1	8450 370
56	9471	1.7	1	9041 430
57	11410	1.7	1	10821 589
58	6411	1.7	1	6054 357
59	6352	1.7	1	5984 368
60	7866	1.7	1	7412 454
61	5572	1.7	1	5234 338
62	5533	1.7	1	5151 382
63	9316	1.7	1	8744 572
64	3993	1.7	1	3563 430
65	3184	1.7	1	2914 270
66	3415	1.7	1	3190 225
67	3849	1.7	1	3539 310
68	3320	1.7	1	3039 281
69	2848	1.7	1	2637 211
70	3122	1.7	1	2900 222
71	2618	1.7	1	2391 227
72	2525	1.7	1	2187 338
73	3590	1.7	1	3238 352
74	2001	1.7	1	1827 174
75	1327	1.7	1	1103 224
76	563	1.7	1	441 122
77	797	1.7	1	625 172
78	1136	1.7	1	884 252
79	1084	1.7	1	908 176
80	1106	1.7	1	891 215
81	1057	1.7	1	849 208
82	946	1.7	1	766 180
83	1038	1.7	1	815 223
84	1012	1.7	1	733 279
85	869	1.7	1	690 179
86	853	1.7	1	670 183
87	873	1.7	1	669 204
88	800	1.7	1	565 235
89	749	1.7	1	549 200
90	648	1.7	1	496 152
91	625	1.7	1	473 152
92	598	1.7	1	432 166
93	661	1.7	1	423 238
94	556	1.7	1	362 194
95	525	1.7	1	381 144
96	466	1.7	1	322 144
97	504	1.7	1	351 153
98	663	1.7	1	403 260
99	506	1.7	1	302 204
100	417	1.7	1	237 180
101	481	1.7	1	275 206
102	399	1.7	1	239 160
103	431	1.7	1	218 213
104	484	1.7	1	230 254
105	330	1.7	1	207 123
106	377	1.7	1	211 166
107	314	1.7	1	203 111
108	302	1.7	1	180 122
109	328	1.7	1	191 137
110	316	1.7	1	179 137
111	261	1.7	1	155 106
112	300	1.7	1	136 164
113	263	1.7	1	130 133
114	252	1.7	1	129 123
115	228	1.7	1	136 92
116	228	1.7	1	118 110
117	232	1.7	1	108 124
118	225	1.7	1	100 125
119	251	1.7	1	114 137
120	237	1.7	1	104 133
121	221	1.7	1	100 121
122	169	1.7	1	77 92
123	204	1.7	1	79 125
124	204	1.7	1	64 140
125	156	1.7	1	56 100
126	140	1.7	1	52 88
127	131	1.7	1	37 94
128	172	1.7	1	51 121
129	115	1.7	1	31 84
130	183	1.7	1	32 151
131	102	1.7	1	36 66
132	135	1.7	1	26 109
133	145	1.7	1	27 118
134	76	1.7	1	16 60
135	121	1.7	1	13 108
136	85	1.7	1	7 78
137	87	1.7	1	12 75
138	80	1.7	1	7 73
139	64	1.7	1	5 59
140	57	1.7	1	3 54
141	73	1.7	1	2 71
142	93	1.7	1	5 88
143	63	1.7	1	2 61
144	10	1.7	1	0 10
145	60	1.7	1	2 58
146	57	1.7	1	1 56
147	116	1.7	1	5 111
148	50	1.7	1	1 49
149	104	1.7	1	0 104
150	76	1.7	1	2 74

RUN STATISTICS FOR INPUT FILE: /srv/scratch/voineagu/PROJECTS/NMD_data/FMR1/186_L3_2.fq.gz
=============================================
112551692 sequences processed in total

Total number of sequences analysed for the sequence pair length validation: 112551692

Number of sequence pairs removed because at least one read was shorter than the length cutoff (20 bp): 23021 (0.02%)
