
SUMMARISING RUN PARAMETERS
==========================
Input filename: /srv/scratch/voineagu/PROJECTS/NMD_data/FMR1/186_L3_1.fq.gz
Trimming mode: paired-end
Trim Galore version: 0.6.10
Cutadapt version: 4.4
Python version: 3.11.2
Number of cores used for trimming: 12
Quality Phred score cutoff: 20
Quality encoding type selected: ASCII+33
Using Illumina adapter for trimming (count: 15208). Second best hit was smallRNA (count: 16)
Adapter sequence: 'AGATCGGAAGAGC' (Illumina TruSeq, Sanger iPCR; auto-detected)
Maximum trimming error rate: 0.1 (default)
Minimum required adapter overlap (stringency): 6 bp
Minimum required sequence length for both reads before a sequence pair gets removed: 20 bp
Running FastQC on the data once trimming has completed
Running FastQC with the following extra arguments: -t 8
Output file will be GZIP compressed


This is cutadapt 4.4 with Python 3.11.2
Command line parameters: -j 12 -e 0.1 -q 20 -O 6 -a AGATCGGAAGAGC /srv/scratch/voineagu/PROJECTS/NMD_data/FMR1/186_L3_1.fq.gz
Processing single-end reads on 12 cores ...
Finished in 513.681 s (4.564 µs/read; 13.15 M reads/minute).

=== Summary ===

Total reads processed:             112,551,692
Reads with adapters:                 2,107,305 (1.9%)
Reads written (passing filters):   112,551,692 (100.0%)

Total basepairs processed: 16,882,753,800 bp
Quality-trimmed:              15,014,662 bp (0.1%)
Total written (filtered):  16,814,625,780 bp (99.6%)

=== Adapter 1 ===

Sequence: AGATCGGAAGAGC; Type: regular 3'; Length: 13; Trimmed: 2107305 times

Minimum overlap: 6
No. of allowed errors:
1-9 bp: 0; 10-13 bp: 1

Bases preceding removed adapters:
  A: 10.4%
  C: 37.7%
  G: 34.6%
  T: 17.3%
  none/other: 0.0%

Overview of removed sequences
length	count	expect	max.err	error counts
6	82083	27478.4	0	82083
7	77768	6869.6	0	77768
8	79792	1717.4	0	79792
9	70333	429.4	0	69085 1248
10	70639	107.3	1	66798 3841
11	72443	26.8	1	68159 4284
12	70424	6.7	1	67194 3230
13	65488	1.7	1	62465 3023
14	63779	1.7	1	60749 3030
15	63050	1.7	1	60202 2848
16	59883	1.7	1	56717 3166
17	61602	1.7	1	58156 3446
18	57858	1.7	1	55504 2354
19	50363	1.7	1	48440 1923
20	54070	1.7	1	51729 2341
21	51022	1.7	1	48949 2073
22	49451	1.7	1	47462 1989
23	48609	1.7	1	46572 2037
24	47819	1.7	1	45449 2370
25	44332	1.7	1	42569 1763
26	43152	1.7	1	41497 1655
27	43865	1.7	1	42157 1708
28	40076	1.7	1	38478 1598
29	39216	1.7	1	37414 1802
30	38208	1.7	1	36983 1225
31	35136	1.7	1	33848 1288
32	35062	1.7	1	33758 1304
33	34413	1.7	1	32828 1585
34	34246	1.7	1	32830 1416
35	31863	1.7	1	30413 1450
36	29422	1.7	1	28391 1031
37	28084	1.7	1	27034 1050
38	31646	1.7	1	30253 1393
39	28956	1.7	1	28079 877
40	18935	1.7	1	18018 917
41	22750	1.7	1	21862 888
42	22883	1.7	1	22070 813
43	24024	1.7	1	23086 938
44	20899	1.7	1	19842 1057
45	32924	1.7	1	31937 987
46	7384	1.7	1	6925 459
47	15414	1.7	1	14745 669
48	37970	1.7	1	36892 1078
49	13754	1.7	1	13172 582
50	4798	1.7	1	4459 339
51	19762	1.7	1	19141 621
52	13332	1.7	1	12899 433
53	4480	1.7	1	4215 265
54	11561	1.7	1	10949 612
55	20243	1.7	1	19752 491
56	7664	1.7	1	7374 290
57	6759	1.7	1	6500 259
58	4399	1.7	1	4195 204
59	7590	1.7	1	7320 270
60	1611	1.7	1	1484 127
61	2179	1.7	1	2030 149
62	7732	1.7	1	7534 198
63	2494	1.7	1	2365 129
64	1470	1.7	1	1324 146
65	2577	1.7	1	2422 155
66	6302	1.7	1	6129 173
67	728	1.7	1	616 112
68	1409	1.7	1	1314 95
69	856	1.7	1	778 78
70	635	1.7	1	567 68
71	211	1.7	1	145 66
72	398	1.7	1	331 67
73	1082	1.7	1	892 190
74	1417	1.7	1	1298 119
75	1462	1.7	1	1350 112
76	1347	1.7	1	1222 125
77	1310	1.7	1	1166 144
78	1198	1.7	1	1105 93
79	1128	1.7	1	1009 119
80	1008	1.7	1	889 119
81	890	1.7	1	790 100
82	789	1.7	1	686 103
83	833	1.7	1	719 114
84	784	1.7	1	665 119
85	712	1.7	1	606 106
86	691	1.7	1	574 117
87	676	1.7	1	578 98
88	566	1.7	1	466 100
89	553	1.7	1	455 98
90	488	1.7	1	395 93
91	460	1.7	1	369 91
92	435	1.7	1	338 97
93	427	1.7	1	309 118
94	392	1.7	1	281 111
95	412	1.7	1	295 117
96	314	1.7	1	242 72
97	405	1.7	1	270 135
98	398	1.7	1	294 104
99	316	1.7	1	224 92
100	259	1.7	1	174 85
101	257	1.7	1	190 67
102	283	1.7	1	171 112
103	207	1.7	1	137 70
104	266	1.7	1	150 116
105	238	1.7	1	149 89
106	228	1.7	1	130 98
107	222	1.7	1	153 69
108	214	1.7	1	122 92
109	198	1.7	1	129 69
110	223	1.7	1	132 91
111	170	1.7	1	119 51
112	153	1.7	1	85 68
113	162	1.7	1	86 76
114	142	1.7	1	87 55
115	137	1.7	1	86 51
116	165	1.7	1	58 107
117	115	1.7	1	72 43
118	101	1.7	1	66 35
119	125	1.7	1	77 48
120	135	1.7	1	52 83
121	193	1.7	1	66 127
122	127	1.7	1	57 70
123	97	1.7	1	62 35
124	162	1.7	1	44 118
125	73	1.7	1	43 30
126	68	1.7	1	32 36
127	54	1.7	1	25 29
128	96	1.7	1	36 60
129	81	1.7	1	27 54
130	51	1.7	1	25 26
131	102	1.7	1	29 73
132	85	1.7	1	23 62
133	72	1.7	1	25 47
134	79	1.7	1	14 65
135	73	1.7	1	8 65
136	76	1.7	1	7 69
137	63	1.7	1	13 50
138	105	1.7	1	6 99
139	72	1.7	1	6 66
140	71	1.7	1	2 69
141	53	1.7	1	2 51
142	71	1.7	1	5 66
143	34	1.7	1	2 32
144	32	1.7	1	0 32
145	42	1.7	1	1 41
146	26	1.7	1	1 25
147	44	1.7	1	7 37
148	26	1.7	1	2 24
149	32	1.7	1	0 32
150	372	1.7	1	2 370

RUN STATISTICS FOR INPUT FILE: /srv/scratch/voineagu/PROJECTS/NMD_data/FMR1/186_L3_1.fq.gz
=============================================
112551692 sequences processed in total

