
SUMMARISING RUN PARAMETERS
==========================
Input filename: /srv/scratch/voineagu/PROJECTS/NMD_data/FMR1/187_L3_1.fq.gz
Trimming mode: paired-end
Trim Galore version: 0.6.10
Cutadapt version: 4.4
Python version: 3.11.2
Number of cores used for trimming: 12
Quality Phred score cutoff: 20
Quality encoding type selected: ASCII+33
Using Illumina adapter for trimming (count: 12723). Second best hit was smallRNA (count: 10)
Adapter sequence: 'AGATCGGAAGAGC' (Illumina TruSeq, Sanger iPCR; auto-detected)
Maximum trimming error rate: 0.1 (default)
Minimum required adapter overlap (stringency): 6 bp
Minimum required sequence length for both reads before a sequence pair gets removed: 20 bp
Running FastQC on the data once trimming has completed
Running FastQC with the following extra arguments: -t 8
Output file will be GZIP compressed


This is cutadapt 4.4 with Python 3.11.2
Command line parameters: -j 12 -e 0.1 -q 20 -O 6 -a AGATCGGAAGAGC /srv/scratch/voineagu/PROJECTS/NMD_data/FMR1/187_L3_1.fq.gz
Processing single-end reads on 12 cores ...
Finished in 590.235 s (5.048 µs/read; 11.89 M reads/minute).

=== Summary ===

Total reads processed:             116,924,803
Reads with adapters:                 1,789,479 (1.5%)
Reads written (passing filters):   116,924,803 (100.0%)

Total basepairs processed: 17,538,720,450 bp
Quality-trimmed:              14,919,723 bp (0.1%)
Total written (filtered):  17,479,427,504 bp (99.7%)

=== Adapter 1 ===

Sequence: AGATCGGAAGAGC; Type: regular 3'; Length: 13; Trimmed: 1789479 times

Minimum overlap: 6
No. of allowed errors:
1-9 bp: 0; 10-13 bp: 1

Bases preceding removed adapters:
  A: 7.2%
  C: 43.2%
  G: 29.3%
  T: 20.2%
  none/other: 0.0%

Overview of removed sequences
length	count	expect	max.err	error counts
6	72751	28546.1	0	72751
7	68152	7136.5	0	68152
8	70391	1784.1	0	70391
9	60464	446.0	0	59086 1378
10	62297	111.5	1	58344 3953
11	62924	27.9	1	58762 4162
12	60479	7.0	1	57349 3130
13	54835	1.7	1	52122 2713
14	56370	1.7	1	53399 2971
15	53770	1.7	1	51296 2474
16	52287	1.7	1	49440 2847
17	53187	1.7	1	50048 3139
18	48531	1.7	1	46480 2051
19	43534	1.7	1	41744 1790
20	46635	1.7	1	44506 2129
21	44639	1.7	1	42724 1915
22	41944	1.7	1	40132 1812
23	43196	1.7	1	41212 1984
24	40274	1.7	1	38136 2138
25	37342	1.7	1	35746 1596
26	36796	1.7	1	35381 1415
27	37184	1.7	1	35674 1510
28	33992	1.7	1	32617 1375
29	33375	1.7	1	31797 1578
30	31807	1.7	1	30684 1123
31	29108	1.7	1	27987 1121
32	29254	1.7	1	28063 1191
33	28937	1.7	1	27676 1261
34	28536	1.7	1	27281 1255
35	25715	1.7	1	24846 869
36	25498	1.7	1	24490 1008
37	23461	1.7	1	22492 969
38	21866	1.7	1	21210 656
39	21507	1.7	1	20525 982
40	21522	1.7	1	20507 1015
41	22532	1.7	1	21664 868
42	18586	1.7	1	17804 782
43	17349	1.7	1	16348 1001
44	16285	1.7	1	15523 762
45	27259	1.7	1	26322 937
46	6226	1.7	1	5819 407
47	13345	1.7	1	12687 658
48	31735	1.7	1	30830 905
49	10698	1.7	1	10254 444
50	4376	1.7	1	4048 328
51	14664	1.7	1	14210 454
52	10351	1.7	1	10002 349
53	3711	1.7	1	3492 219
54	9587	1.7	1	9141 446
55	15531	1.7	1	15172 359
56	5523	1.7	1	5308 215
57	5583	1.7	1	5364 219
58	3413	1.7	1	3223 190
59	5522	1.7	1	5355 167
60	1395	1.7	1	1277 118
61	1667	1.7	1	1552 115
62	5968	1.7	1	5794 174
63	2142	1.7	1	2013 129
64	1183	1.7	1	1087 96
65	1953	1.7	1	1832 121
66	4984	1.7	1	4828 156
67	697	1.7	1	575 122
68	1073	1.7	1	1014 59
69	642	1.7	1	578 64
70	571	1.7	1	513 58
71	163	1.7	1	92 71
72	364	1.7	1	277 87
73	810	1.7	1	620 190
74	1058	1.7	1	940 118
75	1174	1.7	1	1047 127
76	1043	1.7	1	948 95
77	1054	1.7	1	946 108
78	895	1.7	1	788 107
79	833	1.7	1	722 111
80	757	1.7	1	661 96
81	754	1.7	1	661 93
82	664	1.7	1	588 76
83	613	1.7	1	529 84
84	572	1.7	1	492 80
85	529	1.7	1	432 97
86	577	1.7	1	479 98
87	523	1.7	1	403 120
88	454	1.7	1	363 91
89	445	1.7	1	340 105
90	396	1.7	1	324 72
91	360	1.7	1	276 84
92	447	1.7	1	311 136
93	336	1.7	1	253 83
94	312	1.7	1	181 131
95	308	1.7	1	234 74
96	269	1.7	1	195 74
97	338	1.7	1	212 126
98	247	1.7	1	185 62
99	226	1.7	1	179 47
100	290	1.7	1	191 99
101	241	1.7	1	163 78
102	245	1.7	1	118 127
103	207	1.7	1	116 91
104	202	1.7	1	104 98
105	197	1.7	1	131 66
106	178	1.7	1	101 77
107	151	1.7	1	101 50
108	167	1.7	1	104 63
109	155	1.7	1	77 78
110	171	1.7	1	75 96
111	137	1.7	1	87 50
112	108	1.7	1	69 39
113	158	1.7	1	92 66
114	121	1.7	1	70 51
115	102	1.7	1	56 46
116	143	1.7	1	55 88
117	94	1.7	1	59 35
118	99	1.7	1	57 42
119	105	1.7	1	47 58
120	148	1.7	1	56 92
121	139	1.7	1	48 91
122	128	1.7	1	49 79
123	90	1.7	1	46 44
124	119	1.7	1	29 90
125	91	1.7	1	43 48
126	65	1.7	1	28 37
127	87	1.7	1	36 51
128	85	1.7	1	27 58
129	80	1.7	1	27 53
130	46	1.7	1	20 26
131	115	1.7	1	17 98
132	61	1.7	1	16 45
133	121	1.7	1	7 114
134	87	1.7	1	13 74
135	80	1.7	1	8 72
136	78	1.7	1	8 70
137	86	1.7	1	8 78
138	75	1.7	1	7 68
139	102	1.7	1	4 98
140	52	1.7	1	3 49
141	109	1.7	1	4 105
142	26	1.7	1	1 25
143	32	1.7	1	1 31
144	27	1.7	1	0 27
145	20	1.7	1	2 18
146	31	1.7	1	0 31
147	62	1.7	1	0 62
148	38	1.7	1	0 38
149	29	1.7	1	0 29
150	267	1.7	1	0 267

RUN STATISTICS FOR INPUT FILE: /srv/scratch/voineagu/PROJECTS/NMD_data/FMR1/187_L3_1.fq.gz
=============================================
116924803 sequences processed in total

