
SUMMARISING RUN PARAMETERS
==========================
Input filename: /srv/scratch/voineagu/PROJECTS/NMD_data/FMR1/189_L3_2.fq.gz
Trimming mode: paired-end
Trim Galore version: 0.6.10
Cutadapt version: 4.4
Python version: 3.11.2
Number of cores used for trimming: 12
Quality Phred score cutoff: 20
Quality encoding type selected: ASCII+33
Using Illumina adapter for trimming (count: 14622). Second best hit was smallRNA (count: 11)
Adapter sequence: 'AGATCGGAAGAGC' (Illumina TruSeq, Sanger iPCR; auto-detected)
Maximum trimming error rate: 0.1 (default)
Minimum required adapter overlap (stringency): 6 bp
Minimum required sequence length for both reads before a sequence pair gets removed: 20 bp
Running FastQC on the data once trimming has completed
Running FastQC with the following extra arguments: -t 8
Output file will be GZIP compressed


This is cutadapt 4.4 with Python 3.11.2
Command line parameters: -j 12 -e 0.1 -q 20 -O 6 -a AGATCGGAAGAGC /srv/scratch/voineagu/PROJECTS/NMD_data/FMR1/189_L3_2.fq.gz
Processing single-end reads on 12 cores ...
Finished in 677.540 s (4.836 µs/read; 12.41 M reads/minute).

=== Summary ===

Total reads processed:             140,117,332
Reads with adapters:                 2,542,239 (1.8%)
Reads written (passing filters):   140,117,332 (100.0%)

Total basepairs processed: 21,017,599,800 bp
Quality-trimmed:              34,533,925 bp (0.2%)
Total written (filtered):  20,918,331,818 bp (99.5%)

=== Adapter 1 ===

Sequence: AGATCGGAAGAGC; Type: regular 3'; Length: 13; Trimmed: 2542239 times

Minimum overlap: 6
No. of allowed errors:
1-9 bp: 0; 10-13 bp: 1

Bases preceding removed adapters:
  A: 6.9%
  C: 41.3%
  G: 38.9%
  T: 12.9%
  none/other: 0.0%

Overview of removed sequences
length	count	expect	max.err	error counts
6	108815	34208.3	0	108815
7	102930	8552.1	0	102930
8	100266	2138.0	0	100266
9	78821	534.5	0	75356 3465
10	92069	133.6	1	82276 9793
11	85641	33.4	1	78932 6709
12	84883	8.4	1	80125 4758
13	77057	2.1	1	73041 4016
14	81474	2.1	1	76642 4832
15	71844	2.1	1	68376 3468
16	72240	2.1	1	68458 3782
17	82067	2.1	1	77849 4218
18	54269	2.1	1	51758 2511
19	86020	2.1	1	81839 4181
20	55279	2.1	1	52607 2672
21	51732	2.1	1	49475 2257
22	57375	2.1	1	54870 2505
23	58029	2.1	1	55387 2642
24	73037	2.1	1	68905 4132
25	53837	2.1	1	51543 2294
26	45973	2.1	1	44063 1910
27	42457	2.1	1	40712 1745
28	49482	2.1	1	47335 2147
29	43839	2.1	1	41934 1905
30	44111	2.1	1	42262 1849
31	42345	2.1	1	40690 1655
32	41459	2.1	1	39849 1610
33	40629	2.1	1	38902 1727
34	43419	2.1	1	41544 1875
35	32536	2.1	1	31242 1294
36	36367	2.1	1	35015 1352
37	37881	2.1	1	36388 1493
38	29894	2.1	1	28737 1157
39	28853	2.1	1	27571 1282
40	29679	2.1	1	28461 1218
41	26103	2.1	1	24934 1169
42	26365	2.1	1	25352 1013
43	22014	2.1	1	21234 780
44	23786	2.1	1	22803 983
45	22636	2.1	1	21741 895
46	22664	2.1	1	21650 1014
47	18364	2.1	1	17554 810
48	17712	2.1	1	16875 837
49	19107	2.1	1	18319 788
50	14139	2.1	1	13391 748
51	15618	2.1	1	14899 719
52	13014	2.1	1	12425 589
53	12820	2.1	1	12253 567
54	13598	2.1	1	12993 605
55	10278	2.1	1	9849 429
56	10677	2.1	1	10187 490
57	12758	2.1	1	12096 662
58	7268	2.1	1	6855 413
59	7099	2.1	1	6714 385
60	8595	2.1	1	8089 506
61	6251	2.1	1	5827 424
62	6192	2.1	1	5724 468
63	10590	2.1	1	9940 650
64	4541	2.1	1	4036 505
65	3467	2.1	1	3150 317
66	3937	2.1	1	3690 247
67	4149	2.1	1	3796 353
68	3887	2.1	1	3552 335
69	3120	2.1	1	2898 222
70	3605	2.1	1	3312 293
71	2927	2.1	1	2664 263
72	2964	2.1	1	2550 414
73	4023	2.1	1	3684 339
74	2271	2.1	1	2058 213
75	1573	2.1	1	1281 292
76	765	2.1	1	530 235
77	906	2.1	1	722 184
78	1359	2.1	1	1079 280
79	1276	2.1	1	1031 245
80	1343	2.1	1	1090 253
81	1271	2.1	1	987 284
82	1244	2.1	1	1031 213
83	1116	2.1	1	858 258
84	1220	2.1	1	891 329
85	1061	2.1	1	811 250
86	1004	2.1	1	750 254
87	957	2.1	1	721 236
88	997	2.1	1	705 292
89	966	2.1	1	698 268
90	799	2.1	1	610 189
91	741	2.1	1	541 200
92	847	2.1	1	606 241
93	788	2.1	1	524 264
94	695	2.1	1	425 270
95	656	2.1	1	454 202
96	623	2.1	1	422 201
97	703	2.1	1	466 237
98	776	2.1	1	475 301
99	572	2.1	1	349 223
100	603	2.1	1	391 212
101	611	2.1	1	367 244
102	516	2.1	1	323 193
103	621	2.1	1	338 283
104	652	2.1	1	319 333
105	471	2.1	1	311 160
106	433	2.1	1	267 166
107	472	2.1	1	304 168
108	484	2.1	1	285 199
109	463	2.1	1	295 168
110	445	2.1	1	261 184
111	410	2.1	1	259 151
112	461	2.1	1	250 211
113	463	2.1	1	259 204
114	440	2.1	1	230 210
115	423	2.1	1	242 181
116	388	2.1	1	200 188
117	343	2.1	1	196 147
118	470	2.1	1	265 205
119	368	2.1	1	175 193
120	363	2.1	1	184 179
121	270	2.1	1	153 117
122	371	2.1	1	174 197
123	328	2.1	1	142 186
124	275	2.1	1	130 145
125	396	2.1	1	188 208
126	259	2.1	1	123 136
127	276	2.1	1	109 167
128	253	2.1	1	110 143
129	209	2.1	1	92 117
130	284	2.1	1	67 217
131	138	2.1	1	53 85
132	158	2.1	1	58 100
133	128	2.1	1	36 92
134	152	2.1	1	41 111
135	155	2.1	1	34 121
136	104	2.1	1	23 81
137	105	2.1	1	15 90
138	104	2.1	1	17 87
139	53	2.1	1	12 41
140	62	2.1	1	10 52
141	107	2.1	1	4 103
142	126	2.1	1	3 123
143	76	2.1	1	0 76
144	29	2.1	1	0 29
145	66	2.1	1	1 65
146	86	2.1	1	0 86
147	134	2.1	1	5 129
148	38	2.1	1	0 38
149	95	2.1	1	0 95
150	96	2.1	1	1 95

RUN STATISTICS FOR INPUT FILE: /srv/scratch/voineagu/PROJECTS/NMD_data/FMR1/189_L3_2.fq.gz
=============================================
140117332 sequences processed in total

Total number of sequences analysed for the sequence pair length validation: 140117332

Number of sequence pairs removed because at least one read was shorter than the length cutoff (20 bp): 32866 (0.02%)
