
SUMMARISING RUN PARAMETERS
==========================
Input filename: /srv/scratch/voineagu/PROJECTS/NMD_data/FMR1/189_L3_1.fq.gz
Trimming mode: paired-end
Trim Galore version: 0.6.10
Cutadapt version: 4.4
Python version: 3.11.2
Number of cores used for trimming: 12
Quality Phred score cutoff: 20
Quality encoding type selected: ASCII+33
Using Illumina adapter for trimming (count: 14622). Second best hit was smallRNA (count: 11)
Adapter sequence: 'AGATCGGAAGAGC' (Illumina TruSeq, Sanger iPCR; auto-detected)
Maximum trimming error rate: 0.1 (default)
Minimum required adapter overlap (stringency): 6 bp
Minimum required sequence length for both reads before a sequence pair gets removed: 20 bp
Running FastQC on the data once trimming has completed
Running FastQC with the following extra arguments: -t 8
Output file will be GZIP compressed


This is cutadapt 4.4 with Python 3.11.2
Command line parameters: -j 12 -e 0.1 -q 20 -O 6 -a AGATCGGAAGAGC /srv/scratch/voineagu/PROJECTS/NMD_data/FMR1/189_L3_1.fq.gz
Processing single-end reads on 12 cores ...
Finished in 698.246 s (4.983 µs/read; 12.04 M reads/minute).

=== Summary ===

Total reads processed:             140,117,332
Reads with adapters:                 2,480,497 (1.8%)
Reads written (passing filters):   140,117,332 (100.0%)

Total basepairs processed: 21,017,599,800 bp
Quality-trimmed:              17,629,354 bp (0.1%)
Total written (filtered):  20,937,568,183 bp (99.6%)

=== Adapter 1 ===

Sequence: AGATCGGAAGAGC; Type: regular 3'; Length: 13; Trimmed: 2480497 times

Minimum overlap: 6
No. of allowed errors:
1-9 bp: 0; 10-13 bp: 1

Bases preceding removed adapters:
  A: 9.0%
  C: 35.7%
  G: 37.1%
  T: 18.1%
  none/other: 0.0%

Overview of removed sequences
length	count	expect	max.err	error counts
6	97768	34208.3	0	97768
7	92209	8552.1	0	92209
8	96836	2138.0	0	96836
9	82519	534.5	0	80960 1559
10	85115	133.6	1	80137 4978
11	86722	33.4	1	81276 5446
12	84078	8.4	1	79947 4131
13	76893	2.1	1	73130 3763
14	76728	2.1	1	72889 3839
15	74993	2.1	1	71506 3487
16	72417	2.1	1	68547 3870
17	73723	2.1	1	69511 4212
18	67083	2.1	1	64233 2850
19	60709	2.1	1	58197 2512
20	64033	2.1	1	61098 2935
21	61539	2.1	1	58837 2702
22	58145	2.1	1	55716 2429
23	59518	2.1	1	56861 2657
24	56272	2.1	1	53347 2925
25	51524	2.1	1	49411 2113
26	51252	2.1	1	49299 1953
27	51644	2.1	1	49543 2101
28	46726	2.1	1	44770 1956
29	47807	2.1	1	45562 2245
30	43810	2.1	1	42274 1536
31	41041	2.1	1	39385 1656
32	41256	2.1	1	39733 1523
33	40254	2.1	1	38493 1761
34	37878	2.1	1	36365 1513
35	38682	2.1	1	36821 1861
36	34201	2.1	1	33087 1114
37	33388	2.1	1	31885 1503
38	38082	2.1	1	36648 1434
39	26880	2.1	1	25802 1078
40	28737	2.1	1	27735 1002
41	23929	2.1	1	22863 1066
42	25034	2.1	1	24113 921
43	26455	2.1	1	25385 1070
44	23367	2.1	1	22317 1050
45	33359	2.1	1	32337 1022
46	8892	2.1	1	8445 447
47	17242	2.1	1	16569 673
48	21539	2.1	1	20677 862
49	16733	2.1	1	16085 648
50	12429	2.1	1	11888 541
51	16517	2.1	1	15833 684
52	13982	2.1	1	13382 600
53	10765	2.1	1	10370 395
54	11880	2.1	1	11245 635
55	14113	2.1	1	13532 581
56	9544	2.1	1	9122 422
57	11245	2.1	1	10766 479
58	9541	2.1	1	9181 360
59	7850	2.1	1	7477 373
60	5359	2.1	1	5126 233
61	4416	2.1	1	4200 216
62	8387	2.1	1	8050 337
63	6252	2.1	1	6003 249
64	4203	2.1	1	3986 217
65	3385	2.1	1	3197 188
66	9490	2.1	1	9207 283
67	3403	2.1	1	3220 183
68	3720	2.1	1	3526 194
69	1093	2.1	1	1004 89
70	751	2.1	1	670 81
71	440	2.1	1	313 127
72	739	2.1	1	642 97
73	1424	2.1	1	1180 244
74	1628	2.1	1	1443 185
75	1646	2.1	1	1504 142
76	1661	2.1	1	1504 157
77	1509	2.1	1	1335 174
78	1483	2.1	1	1326 157
79	1220	2.1	1	1066 154
80	1212	2.1	1	1065 147
81	1059	2.1	1	903 156
82	1065	2.1	1	935 130
83	879	2.1	1	774 105
84	908	2.1	1	761 147
85	815	2.1	1	668 147
86	780	2.1	1	633 147
87	744	2.1	1	600 144
88	714	2.1	1	564 150
89	730	2.1	1	587 143
90	567	2.1	1	447 120
91	576	2.1	1	440 136
92	585	2.1	1	420 165
93	514	2.1	1	393 121
94	465	2.1	1	324 141
95	489	2.1	1	367 122
96	436	2.1	1	333 103
97	508	2.1	1	327 181
98	437	2.1	1	318 119
99	348	2.1	1	259 89
100	381	2.1	1	260 121
101	359	2.1	1	254 105
102	368	2.1	1	209 159
103	319	2.1	1	231 88
104	373	2.1	1	216 157
105	337	2.1	1	196 141
106	282	2.1	1	171 111
107	295	2.1	1	195 100
108	305	2.1	1	174 131
109	306	2.1	1	198 108
110	329	2.1	1	170 159
111	280	2.1	1	167 113
112	264	2.1	1	162 102
113	276	2.1	1	165 111
114	237	2.1	1	142 95
115	219	2.1	1	144 75
116	247	2.1	1	122 125
117	213	2.1	1	125 88
118	255	2.1	1	159 96
119	194	2.1	1	105 89
120	242	2.1	1	119 123
121	254	2.1	1	93 161
122	192	2.1	1	101 91
123	158	2.1	1	99 59
124	217	2.1	1	78 139
125	190	2.1	1	109 81
126	128	2.1	1	78 50
127	116	2.1	1	58 58
128	168	2.1	1	73 95
129	150	2.1	1	69 81
130	119	2.1	1	55 64
131	154	2.1	1	36 118
132	118	2.1	1	47 71
133	122	2.1	1	35 87
134	134	2.1	1	34 100
135	115	2.1	1	26 89
136	90	2.1	1	21 69
137	102	2.1	1	13 89
138	132	2.1	1	18 114
139	85	2.1	1	12 73
140	63	2.1	1	7 56
141	87	2.1	1	2 85
142	56	2.1	1	3 53
143	37	2.1	1	1 36
144	47	2.1	1	0 47
145	18	2.1	1	1 17
146	42	2.1	1	0 42
147	60	2.1	1	3 57
148	30	2.1	1	0 30
149	30	2.1	1	0 30
150	284	2.1	1	1 283

RUN STATISTICS FOR INPUT FILE: /srv/scratch/voineagu/PROJECTS/NMD_data/FMR1/189_L3_1.fq.gz
=============================================
140117332 sequences processed in total

