
SUMMARISING RUN PARAMETERS
==========================
Input filename: /srv/scratch/voineagu/PROJECTS/NMD_data/FMR1/190_L3_1.fq.gz
Trimming mode: paired-end
Trim Galore version: 0.6.10
Cutadapt version: 4.4
Python version: 3.11.2
Number of cores used for trimming: 12
Quality Phred score cutoff: 20
Quality encoding type selected: ASCII+33
Using Illumina adapter for trimming (count: 12812). Second best hit was smallRNA (count: 23)
Adapter sequence: 'AGATCGGAAGAGC' (Illumina TruSeq, Sanger iPCR; auto-detected)
Maximum trimming error rate: 0.1 (default)
Minimum required adapter overlap (stringency): 6 bp
Minimum required sequence length for both reads before a sequence pair gets removed: 20 bp
Running FastQC on the data once trimming has completed
Running FastQC with the following extra arguments: -t 8
Output file will be GZIP compressed


This is cutadapt 4.4 with Python 3.11.2
Command line parameters: -j 12 -e 0.1 -q 20 -O 6 -a AGATCGGAAGAGC /srv/scratch/voineagu/PROJECTS/NMD_data/FMR1/190_L3_1.fq.gz
Processing single-end reads on 12 cores ...
Finished in 711.084 s (5.083 µs/read; 11.80 M reads/minute).

=== Summary ===

Total reads processed:             139,893,657
Reads with adapters:                 2,210,141 (1.6%)
Reads written (passing filters):   139,893,657 (100.0%)

Total basepairs processed: 20,984,048,550 bp
Quality-trimmed:              18,727,242 bp (0.1%)
Total written (filtered):  20,911,000,949 bp (99.7%)

=== Adapter 1 ===

Sequence: AGATCGGAAGAGC; Type: regular 3'; Length: 13; Trimmed: 2210141 times

Minimum overlap: 6
No. of allowed errors:
1-9 bp: 0; 10-13 bp: 1

Bases preceding removed adapters:
  A: 9.0%
  C: 36.5%
  G: 36.2%
  T: 18.3%
  none/other: 0.0%

Overview of removed sequences
length	count	expect	max.err	error counts
6	89200	34153.7	0	89200
7	86102	8538.4	0	86102
8	90241	2134.6	0	90241
9	71355	533.7	0	69763 1592
10	77037	133.4	1	71886 5151
11	78184	33.4	1	72646 5538
12	75276	8.3	1	70987 4289
13	68962	2.1	1	65195 3767
14	69706	2.1	1	65777 3929
15	66574	2.1	1	63104 3470
16	65159	2.1	1	61289 3870
17	66336	2.1	1	62106 4230
18	60413	2.1	1	57732 2681
19	53987	2.1	1	51584 2403
20	57285	2.1	1	54505 2780
21	55425	2.1	1	52820 2605
22	52839	2.1	1	50447 2392
23	52209	2.1	1	49695 2514
24	50297	2.1	1	47526 2771
25	46439	2.1	1	44365 2074
26	45559	2.1	1	43616 1943
27	45477	2.1	1	43437 2040
28	42166	2.1	1	40318 1848
29	41092	2.1	1	39123 1969
30	39156	2.1	1	37712 1444
31	36489	2.1	1	35099 1390
32	36203	2.1	1	34805 1398
33	35114	2.1	1	33460 1654
34	34736	2.1	1	33233 1503
35	32946	2.1	1	31308 1638
36	33732	2.1	1	32496 1236
37	24949	2.1	1	24163 786
38	28883	2.1	1	27632 1251
39	28145	2.1	1	27082 1063
40	23041	2.1	1	22031 1010
41	23829	2.1	1	22871 958
42	24244	2.1	1	23193 1051
43	23622	2.1	1	22624 998
44	19733	2.1	1	18669 1064
45	34512	2.1	1	33383 1129
46	7101	2.1	1	6598 503
47	16166	2.1	1	15373 793
48	60582	2.1	1	59112 1470
49	14147	2.1	1	13504 643
50	2674	2.1	1	2319 355
51	19194	2.1	1	18622 572
52	14676	2.1	1	14187 489
53	1949	2.1	1	1759 190
54	9075	2.1	1	8560 515
55	16472	2.1	1	16100 372
56	4843	2.1	1	4614 229
57	3096	2.1	1	2914 182
58	2201	2.1	1	2041 160
59	5071	2.1	1	4837 234
60	716	2.1	1	612 104
61	1464	2.1	1	1326 138
62	5861	2.1	1	5681 180
63	1182	2.1	1	1061 121
64	875	2.1	1	759 116
65	1780	2.1	1	1656 124
66	4558	2.1	1	4402 156
67	436	2.1	1	332 104
68	805	2.1	1	724 81
69	628	2.1	1	564 64
70	597	2.1	1	516 81
71	229	2.1	1	112 117
72	264	2.1	1	213 51
73	802	2.1	1	605 197
74	1156	2.1	1	986 170
75	1357	2.1	1	1189 168
76	1286	2.1	1	1145 141
77	1293	2.1	1	1125 168
78	1136	2.1	1	1015 121
79	1079	2.1	1	937 142
80	1035	2.1	1	886 149
81	877	2.1	1	765 112
82	837	2.1	1	719 118
83	724	2.1	1	621 103
84	714	2.1	1	571 143
85	695	2.1	1	552 143
86	691	2.1	1	556 135
87	707	2.1	1	589 118
88	543	2.1	1	440 103
89	565	2.1	1	442 123
90	514	2.1	1	395 119
91	451	2.1	1	345 106
92	529	2.1	1	348 181
93	432	2.1	1	321 111
94	390	2.1	1	268 122
95	426	2.1	1	251 175
96	373	2.1	1	276 97
97	389	2.1	1	248 141
98	346	2.1	1	222 124
99	302	2.1	1	217 85
100	305	2.1	1	196 109
101	258	2.1	1	159 99
102	391	2.1	1	193 198
103	249	2.1	1	172 77
104	270	2.1	1	152 118
105	246	2.1	1	138 108
106	209	2.1	1	117 92
107	228	2.1	1	132 96
108	224	2.1	1	112 112
109	230	2.1	1	136 94
110	246	2.1	1	104 142
111	168	2.1	1	103 65
112	168	2.1	1	91 77
113	190	2.1	1	100 90
114	164	2.1	1	87 77
115	133	2.1	1	70 63
116	149	2.1	1	70 79
117	142	2.1	1	78 64
118	163	2.1	1	74 89
119	144	2.1	1	73 71
120	170	2.1	1	76 94
121	193	2.1	1	52 141
122	165	2.1	1	70 95
123	97	2.1	1	61 36
124	191	2.1	1	49 142
125	86	2.1	1	46 40
126	77	2.1	1	50 27
127	88	2.1	1	38 50
128	91	2.1	1	31 60
129	91	2.1	1	40 51
130	73	2.1	1	25 48
131	129	2.1	1	24 105
132	71	2.1	1	17 54
133	139	2.1	1	25 114
134	109	2.1	1	13 96
135	97	2.1	1	14 83
136	111	2.1	1	14 97
137	99	2.1	1	11 88
138	115	2.1	1	6 109
139	85	2.1	1	4 81
140	86	2.1	1	4 82
141	92	2.1	1	5 87
142	27	2.1	1	4 23
143	41	2.1	1	2 39
144	49	2.1	1	0 49
145	16	2.1	1	1 15
146	46	2.1	1	3 43
147	37	2.1	1	3 34
148	22	2.1	1	0 22
149	32	2.1	1	0 32
150	194	2.1	1	0 194

RUN STATISTICS FOR INPUT FILE: /srv/scratch/voineagu/PROJECTS/NMD_data/FMR1/190_L3_1.fq.gz
=============================================
139893657 sequences processed in total

