
SUMMARISING RUN PARAMETERS
==========================
Input filename: /srv/scratch/voineagu/PROJECTS/NMD_data/FMR1/190_L3_2.fq.gz
Trimming mode: paired-end
Trim Galore version: 0.6.10
Cutadapt version: 4.4
Python version: 3.11.2
Number of cores used for trimming: 12
Quality Phred score cutoff: 20
Quality encoding type selected: ASCII+33
Using Illumina adapter for trimming (count: 12812). Second best hit was smallRNA (count: 23)
Adapter sequence: 'AGATCGGAAGAGC' (Illumina TruSeq, Sanger iPCR; auto-detected)
Maximum trimming error rate: 0.1 (default)
Minimum required adapter overlap (stringency): 6 bp
Minimum required sequence length for both reads before a sequence pair gets removed: 20 bp
Running FastQC on the data once trimming has completed
Running FastQC with the following extra arguments: -t 8
Output file will be GZIP compressed


This is cutadapt 4.4 with Python 3.11.2
Command line parameters: -j 12 -e 0.1 -q 20 -O 6 -a AGATCGGAAGAGC /srv/scratch/voineagu/PROJECTS/NMD_data/FMR1/190_L3_2.fq.gz
Processing single-end reads on 12 cores ...
Finished in 686.362 s (4.906 µs/read; 12.23 M reads/minute).

=== Summary ===

Total reads processed:             139,893,657
Reads with adapters:                 2,271,565 (1.6%)
Reads written (passing filters):   139,893,657 (100.0%)

Total basepairs processed: 20,984,048,550 bp
Quality-trimmed:              34,129,105 bp (0.2%)
Total written (filtered):  20,892,792,721 bp (99.6%)

=== Adapter 1 ===

Sequence: AGATCGGAAGAGC; Type: regular 3'; Length: 13; Trimmed: 2271565 times

Minimum overlap: 6
No. of allowed errors:
1-9 bp: 0; 10-13 bp: 1

Bases preceding removed adapters:
  A: 7.0%
  C: 41.3%
  G: 38.9%
  T: 12.9%
  none/other: 0.0%

Overview of removed sequences
length	count	expect	max.err	error counts
6	100584	34153.7	0	100584
7	100134	8538.4	0	100134
8	94515	2134.6	0	94515
9	66126	533.7	0	62539 3587
10	84197	133.4	1	73515 10682
11	76784	33.4	1	69233 7551
12	76304	8.3	1	70784 5520
13	69248	2.1	1	64762 4486
14	73909	2.1	1	68405 5504
15	63017	2.1	1	59214 3803
16	65417	2.1	1	60818 4599
17	73002	2.1	1	68194 4808
18	50176	2.1	1	47463 2713
19	75263	2.1	1	70461 4802
20	49943	2.1	1	46891 3052
21	47310	2.1	1	44802 2508
22	51842	2.1	1	48786 3056
23	51172	2.1	1	48144 3028
24	63533	2.1	1	59250 4283
25	48991	2.1	1	46139 2852
26	41783	2.1	1	39649 2134
27	37373	2.1	1	35489 1884
28	44529	2.1	1	42047 2482
29	38117	2.1	1	36090 2027
30	40895	2.1	1	38756 2139
31	35966	2.1	1	34185 1781
32	37663	2.1	1	35684 1979
33	35357	2.1	1	33512 1845
34	37380	2.1	1	35418 1962
35	28941	2.1	1	27578 1363
36	30470	2.1	1	29233 1237
37	34196	2.1	1	32583 1613
38	26326	2.1	1	25093 1233
39	25257	2.1	1	23774 1483
40	25684	2.1	1	24457 1227
41	23144	2.1	1	21860 1284
42	23280	2.1	1	22205 1075
43	19862	2.1	1	18976 886
44	20340	2.1	1	19318 1022
45	19393	2.1	1	18472 921
46	19935	2.1	1	18932 1003
47	16383	2.1	1	15506 877
48	15520	2.1	1	14569 951
49	16638	2.1	1	15780 858
50	12631	2.1	1	11836 795
51	13339	2.1	1	12702 637
52	11506	2.1	1	10864 642
53	11143	2.1	1	10510 633
54	11720	2.1	1	11053 667
55	8639	2.1	1	8246 393
56	9373	2.1	1	8832 541
57	10751	2.1	1	10086 665
58	6425	2.1	1	5971 454
59	6294	2.1	1	5929 365
60	7344	2.1	1	6864 480
61	5479	2.1	1	5103 376
62	5541	2.1	1	5078 463
63	8814	2.1	1	8235 579
64	3797	2.1	1	3340 457
65	3007	2.1	1	2682 325
66	3408	2.1	1	3155 253
67	3676	2.1	1	3360 316
68	3213	2.1	1	2914 299
69	2733	2.1	1	2483 250
70	3018	2.1	1	2762 256
71	2429	2.1	1	2185 244
72	2612	2.1	1	2135 477
73	3500	2.1	1	3109 391
74	2103	2.1	1	1860 243
75	1534	2.1	1	1244 290
76	562	2.1	1	393 169
77	784	2.1	1	614 170
78	1147	2.1	1	845 302
79	1110	2.1	1	835 275
80	1188	2.1	1	868 320
81	1090	2.1	1	843 247
82	995	2.1	1	792 203
83	976	2.1	1	738 238
84	998	2.1	1	667 331
85	951	2.1	1	700 251
86	872	2.1	1	658 214
87	925	2.1	1	696 229
88	824	2.1	1	540 284
89	730	2.1	1	517 213
90	711	2.1	1	526 185
91	608	2.1	1	426 182
92	735	2.1	1	467 268
93	625	2.1	1	417 208
94	616	2.1	1	355 261
95	581	2.1	1	323 258
96	568	2.1	1	350 218
97	517	2.1	1	335 182
98	686	2.1	1	354 332
99	556	2.1	1	299 257
100	460	2.1	1	284 176
101	524	2.1	1	261 263
102	532	2.1	1	290 242
103	507	2.1	1	231 276
104	572	2.1	1	214 358
105	388	2.1	1	224 164
106	358	2.1	1	183 175
107	355	2.1	1	209 146
108	355	2.1	1	186 169
109	379	2.1	1	204 175
110	341	2.1	1	183 158
111	274	2.1	1	153 121
112	335	2.1	1	150 185
113	321	2.1	1	167 154
114	297	2.1	1	161 136
115	243	2.1	1	125 118
116	246	2.1	1	125 121
117	289	2.1	1	118 171
118	267	2.1	1	122 145
119	292	2.1	1	114 178
120	260	2.1	1	118 142
121	260	2.1	1	91 169
122	247	2.1	1	100 147
123	299	2.1	1	97 202
124	247	2.1	1	77 170
125	218	2.1	1	68 150
126	192	2.1	1	71 121
127	184	2.1	1	52 132
128	278	2.1	1	50 228
129	217	2.1	1	55 162
130	256	2.1	1	31 225
131	132	2.1	1	34 98
132	160	2.1	1	22 138
133	161	2.1	1	32 129
134	107	2.1	1	13 94
135	185	2.1	1	19 166
136	154	2.1	1	16 138
137	134	2.1	1	12 122
138	109	2.1	1	6 103
139	85	2.1	1	3 82
140	70	2.1	1	4 66
141	133	2.1	1	5 128
142	128	2.1	1	5 123
143	55	2.1	1	2 53
144	54	2.1	1	0 54
145	58	2.1	1	1 57
146	52	2.1	1	3 49
147	217	2.1	1	4 213
148	90	2.1	1	1 89
149	107	2.1	1	0 107
150	98	2.1	1	0 98

RUN STATISTICS FOR INPUT FILE: /srv/scratch/voineagu/PROJECTS/NMD_data/FMR1/190_L3_2.fq.gz
=============================================
139893657 sequences processed in total

Total number of sequences analysed for the sequence pair length validation: 139893657

Number of sequence pairs removed because at least one read was shorter than the length cutoff (20 bp): 29710 (0.02%)
