
SUMMARISING RUN PARAMETERS
==========================
Input filename: /srv/scratch/voineagu/PROJECTS/NMD_data/FMR1/191_L3_1.fq.gz
Trimming mode: paired-end
Trim Galore version: 0.6.10
Cutadapt version: 4.4
Python version: 3.11.2
Number of cores used for trimming: 12
Quality Phred score cutoff: 20
Quality encoding type selected: ASCII+33
Using Illumina adapter for trimming (count: 12644). Second best hit was smallRNA (count: 7)
Adapter sequence: 'AGATCGGAAGAGC' (Illumina TruSeq, Sanger iPCR; auto-detected)
Maximum trimming error rate: 0.1 (default)
Minimum required adapter overlap (stringency): 6 bp
Minimum required sequence length for both reads before a sequence pair gets removed: 20 bp
Running FastQC on the data once trimming has completed
Running FastQC with the following extra arguments: -t 8
Output file will be GZIP compressed


This is cutadapt 4.4 with Python 3.11.2
Command line parameters: -j 12 -e 0.1 -q 20 -O 6 -a AGATCGGAAGAGC /srv/scratch/voineagu/PROJECTS/NMD_data/FMR1/191_L3_1.fq.gz
Processing single-end reads on 12 cores ...
Finished in 494.600 s (4.977 µs/read; 12.06 M reads/minute).

=== Summary ===

Total reads processed:              99,379,534
Reads with adapters:                 1,543,442 (1.6%)
Reads written (passing filters):    99,379,534 (100.0%)

Total basepairs processed: 14,906,930,100 bp
Quality-trimmed:              12,787,758 bp (0.1%)
Total written (filtered):  14,856,137,237 bp (99.7%)

=== Adapter 1 ===

Sequence: AGATCGGAAGAGC; Type: regular 3'; Length: 13; Trimmed: 1543442 times

Minimum overlap: 6
No. of allowed errors:
1-9 bp: 0; 10-13 bp: 1

Bases preceding removed adapters:
  A: 8.7%
  C: 37.3%
  G: 35.4%
  T: 18.6%
  none/other: 0.0%

Overview of removed sequences
length	count	expect	max.err	error counts
6	63255	24262.6	0	63255
7	59297	6065.6	0	59297
8	60968	1516.4	0	60968
9	53550	379.1	0	52611 939
10	53970	94.8	1	50756 3214
11	55517	23.7	1	52146 3371
12	53861	5.9	1	51418 2443
13	49162	1.5	1	47017 2145
14	48905	1.5	1	46610 2295
15	47904	1.5	1	45774 2130
16	45821	1.5	1	43516 2305
17	47066	1.5	1	44477 2589
18	42838	1.5	1	41171 1667
19	37891	1.5	1	36551 1340
20	40241	1.5	1	38443 1798
21	38844	1.5	1	37284 1560
22	36631	1.5	1	35174 1457
23	36659	1.5	1	35132 1527
24	35482	1.5	1	33790 1692
25	33064	1.5	1	31713 1351
26	31714	1.5	1	30542 1172
27	32165	1.5	1	30908 1257
28	29507	1.5	1	28283 1224
29	28987	1.5	1	27704 1283
30	27750	1.5	1	26907 843
31	25560	1.5	1	24646 914
32	25457	1.5	1	24583 874
33	25089	1.5	1	24023 1066
34	24466	1.5	1	23477 989
35	21008	1.5	1	20396 612
36	21282	1.5	1	20394 888
37	20411	1.5	1	19623 788
38	18772	1.5	1	17991 781
39	19250	1.5	1	18402 848
40	17809	1.5	1	17197 612
41	14732	1.5	1	14099 633
42	16113	1.5	1	15476 637
43	16419	1.5	1	15581 838
44	12536	1.5	1	12013 523
45	20473	1.5	1	19845 628
46	4569	1.5	1	4306 263
47	10631	1.5	1	10189 442
48	15607	1.5	1	15046 561
49	9626	1.5	1	9238 388
50	5913	1.5	1	5590 323
51	10942	1.5	1	10535 407
52	7622	1.5	1	7322 300
53	5107	1.5	1	4881 226
54	7302	1.5	1	6903 399
55	10059	1.5	1	9717 342
56	5067	1.5	1	4876 191
57	6223	1.5	1	5982 241
58	4442	1.5	1	4246 196
59	4963	1.5	1	4775 188
60	2035	1.5	1	1928 107
61	1913	1.5	1	1799 114
62	5171	1.5	1	4970 201
63	2805	1.5	1	2671 134
64	1602	1.5	1	1491 111
65	1739	1.5	1	1636 103
66	4922	1.5	1	4761 161
67	1042	1.5	1	967 75
68	1476	1.5	1	1397 79
69	622	1.5	1	583 39
70	484	1.5	1	412 72
71	198	1.5	1	119 79
72	365	1.5	1	301 64
73	721	1.5	1	604 117
74	917	1.5	1	813 104
75	932	1.5	1	824 108
76	848	1.5	1	749 99
77	883	1.5	1	774 109
78	841	1.5	1	751 90
79	736	1.5	1	608 128
80	647	1.5	1	568 79
81	624	1.5	1	540 84
82	624	1.5	1	546 78
83	537	1.5	1	435 102
84	530	1.5	1	424 106
85	497	1.5	1	387 110
86	433	1.5	1	328 105
87	481	1.5	1	387 94
88	416	1.5	1	311 105
89	476	1.5	1	371 105
90	397	1.5	1	307 90
91	357	1.5	1	271 86
92	369	1.5	1	267 102
93	315	1.5	1	232 83
94	347	1.5	1	233 114
95	314	1.5	1	225 89
96	287	1.5	1	205 82
97	277	1.5	1	184 93
98	289	1.5	1	209 80
99	234	1.5	1	162 72
100	264	1.5	1	177 87
101	219	1.5	1	141 78
102	292	1.5	1	139 153
103	219	1.5	1	140 79
104	241	1.5	1	139 102
105	193	1.5	1	105 88
106	189	1.5	1	96 93
107	211	1.5	1	124 87
108	196	1.5	1	110 86
109	189	1.5	1	111 78
110	174	1.5	1	104 70
111	150	1.5	1	92 58
112	159	1.5	1	107 52
113	159	1.5	1	96 63
114	148	1.5	1	98 50
115	139	1.5	1	92 47
116	151	1.5	1	72 79
117	124	1.5	1	78 46
118	173	1.5	1	95 78
119	163	1.5	1	92 71
120	139	1.5	1	71 68
121	147	1.5	1	52 95
122	117	1.5	1	47 70
123	80	1.5	1	45 35
124	175	1.5	1	64 111
125	91	1.5	1	56 35
126	64	1.5	1	41 23
127	88	1.5	1	53 35
128	90	1.5	1	54 36
129	76	1.5	1	35 41
130	60	1.5	1	24 36
131	107	1.5	1	26 81
132	60	1.5	1	35 25
133	91	1.5	1	23 68
134	117	1.5	1	22 95
135	67	1.5	1	6 61
136	89	1.5	1	13 76
137	77	1.5	1	8 69
138	94	1.5	1	9 85
139	67	1.5	1	3 64
140	64	1.5	1	2 62
141	56	1.5	1	5 51
142	27	1.5	1	1 26
143	24	1.5	1	1 23
144	42	1.5	1	0 42
145	25	1.5	1	2 23
146	29	1.5	1	0 29
147	43	1.5	1	2 41
148	24	1.5	1	0 24
149	20	1.5	1	2 18
150	237	1.5	1	0 237

RUN STATISTICS FOR INPUT FILE: /srv/scratch/voineagu/PROJECTS/NMD_data/FMR1/191_L3_1.fq.gz
=============================================
99379534 sequences processed in total

