
SUMMARISING RUN PARAMETERS
==========================
Input filename: /srv/scratch/voineagu/PROJECTS/NMD_data/FMR1/192_L3_1.fq.gz
Trimming mode: paired-end
Trim Galore version: 0.6.10
Cutadapt version: 4.4
Python version: 3.11.2
Number of cores used for trimming: 12
Quality Phred score cutoff: 20
Quality encoding type selected: ASCII+33
Using Illumina adapter for trimming (count: 15270). Second best hit was smallRNA (count: 20)
Adapter sequence: 'AGATCGGAAGAGC' (Illumina TruSeq, Sanger iPCR; auto-detected)
Maximum trimming error rate: 0.1 (default)
Minimum required adapter overlap (stringency): 6 bp
Minimum required sequence length for both reads before a sequence pair gets removed: 20 bp
Running FastQC on the data once trimming has completed
Running FastQC with the following extra arguments: -t 8
Output file will be GZIP compressed


This is cutadapt 4.4 with Python 3.11.2
Command line parameters: -j 12 -e 0.1 -q 20 -O 6 -a AGATCGGAAGAGC /srv/scratch/voineagu/PROJECTS/NMD_data/FMR1/192_L3_1.fq.gz
Processing single-end reads on 12 cores ...
Finished in 472.175 s (5.099 µs/read; 11.77 M reads/minute).

=== Summary ===

Total reads processed:              92,606,525
Reads with adapters:                 1,754,805 (1.9%)
Reads written (passing filters):    92,606,525 (100.0%)

Total basepairs processed: 13,890,978,750 bp
Quality-trimmed:              11,715,766 bp (0.1%)
Total written (filtered):  13,835,987,586 bp (99.6%)

=== Adapter 1 ===

Sequence: AGATCGGAAGAGC; Type: regular 3'; Length: 13; Trimmed: 1754805 times

Minimum overlap: 6
No. of allowed errors:
1-9 bp: 0; 10-13 bp: 1

Bases preceding removed adapters:
  A: 8.0%
  C: 41.1%
  G: 31.7%
  T: 19.2%
  none/other: 0.0%

Overview of removed sequences
length	count	expect	max.err	error counts
6	69220	22609.0	0	69220
7	65518	5652.3	0	65518
8	68012	1413.1	0	68012
9	59055	353.3	0	58145 910
10	59853	88.3	1	56629 3224
11	61858	22.1	1	58162 3696
12	59340	5.5	1	56774 2566
13	55251	1.4	1	52794 2457
14	53593	1.4	1	51143 2450
15	53704	1.4	1	51456 2248
16	50251	1.4	1	47905 2346
17	51993	1.4	1	49185 2808
18	47451	1.4	1	45626 1825
19	42091	1.4	1	40596 1495
20	45100	1.4	1	43194 1906
21	42625	1.4	1	40956 1669
22	41429	1.4	1	39889 1540
23	40906	1.4	1	39236 1670
24	39736	1.4	1	37918 1818
25	37562	1.4	1	36184 1378
26	36179	1.4	1	34836 1343
27	36024	1.4	1	34662 1362
28	33330	1.4	1	32110 1220
29	32914	1.4	1	31589 1325
30	31579	1.4	1	30629 950
31	28675	1.4	1	27695 980
32	29034	1.4	1	28039 995
33	28342	1.4	1	27125 1217
34	28041	1.4	1	26874 1167
35	25165	1.4	1	24323 842
36	24571	1.4	1	23850 721
37	23607	1.4	1	22769 838
38	22917	1.4	1	22065 852
39	21107	1.4	1	20461 646
40	20369	1.4	1	19487 882
41	20019	1.4	1	19351 668
42	20650	1.4	1	19842 808
43	18145	1.4	1	17108 1037
44	16438	1.4	1	15774 664
45	27106	1.4	1	26261 845
46	6621	1.4	1	6253 368
47	14888	1.4	1	14069 819
48	75573	1.4	1	74239 1334
49	20408	1.4	1	19839 569
50	1868	1.4	1	1659 209
51	12681	1.4	1	12351 330
52	9517	1.4	1	9203 314
53	893	1.4	1	773 120
54	3627	1.4	1	3369 258
55	5149	1.4	1	4982 167
56	1682	1.4	1	1570 112
57	785	1.4	1	679 106
58	607	1.4	1	530 77
59	2027	1.4	1	1909 118
60	281	1.4	1	225 56
61	607	1.4	1	509 98
62	2716	1.4	1	2599 117
63	512	1.4	1	429 83
64	525	1.4	1	460 65
65	913	1.4	1	818 95
66	2267	1.4	1	2169 98
67	354	1.4	1	252 102
68	328	1.4	1	261 67
69	355	1.4	1	314 41
70	349	1.4	1	295 54
71	150	1.4	1	86 64
72	169	1.4	1	111 58
73	473	1.4	1	343 130
74	755	1.4	1	633 122
75	896	1.4	1	811 85
76	1037	1.4	1	926 111
77	1048	1.4	1	940 108
78	933	1.4	1	859 74
79	855	1.4	1	750 105
80	808	1.4	1	729 79
81	672	1.4	1	605 67
82	654	1.4	1	554 100
83	590	1.4	1	507 83
84	590	1.4	1	486 104
85	540	1.4	1	452 88
86	522	1.4	1	429 93
87	513	1.4	1	408 105
88	448	1.4	1	360 88
89	447	1.4	1	364 83
90	388	1.4	1	305 83
91	336	1.4	1	255 81
92	390	1.4	1	293 97
93	317	1.4	1	234 83
94	302	1.4	1	229 73
95	328	1.4	1	222 106
96	246	1.4	1	187 59
97	310	1.4	1	202 108
98	291	1.4	1	183 108
99	250	1.4	1	177 73
100	266	1.4	1	179 87
101	204	1.4	1	153 51
102	215	1.4	1	132 83
103	174	1.4	1	111 63
104	197	1.4	1	128 69
105	173	1.4	1	96 77
106	184	1.4	1	115 69
107	144	1.4	1	93 51
108	129	1.4	1	82 47
109	158	1.4	1	103 55
110	161	1.4	1	97 64
111	143	1.4	1	94 49
112	123	1.4	1	69 54
113	143	1.4	1	73 70
114	124	1.4	1	83 41
115	104	1.4	1	62 42
116	154	1.4	1	70 84
117	97	1.4	1	60 37
118	145	1.4	1	76 69
119	137	1.4	1	63 74
120	106	1.4	1	44 62
121	124	1.4	1	41 83
122	118	1.4	1	50 68
123	74	1.4	1	49 25
124	133	1.4	1	47 86
125	81	1.4	1	50 31
126	53	1.4	1	33 20
127	63	1.4	1	27 36
128	95	1.4	1	36 59
129	54	1.4	1	20 34
130	51	1.4	1	27 24
131	75	1.4	1	20 55
132	60	1.4	1	21 39
133	57	1.4	1	15 42
134	55	1.4	1	15 40
135	60	1.4	1	11 49
136	63	1.4	1	11 52
137	53	1.4	1	9 44
138	77	1.4	1	3 74
139	82	1.4	1	6 76
140	45	1.4	1	0 45
141	85	1.4	1	3 82
142	54	1.4	1	3 51
143	28	1.4	1	1 27
144	36	1.4	1	0 36
145	16	1.4	1	1 15
146	17	1.4	1	0 17
147	24	1.4	1	2 22
148	16	1.4	1	0 16
149	27	1.4	1	2 25
150	197	1.4	1	0 197

RUN STATISTICS FOR INPUT FILE: /srv/scratch/voineagu/PROJECTS/NMD_data/FMR1/192_L3_1.fq.gz
=============================================
92606525 sequences processed in total

