
SUMMARISING RUN PARAMETERS
==========================
Input filename: /srv/scratch/voineagu/PROJECTS/NMD_data/FMR1/192_L3_2.fq.gz
Trimming mode: paired-end
Trim Galore version: 0.6.10
Cutadapt version: 4.4
Python version: 3.11.2
Number of cores used for trimming: 12
Quality Phred score cutoff: 20
Quality encoding type selected: ASCII+33
Using Illumina adapter for trimming (count: 15270). Second best hit was smallRNA (count: 20)
Adapter sequence: 'AGATCGGAAGAGC' (Illumina TruSeq, Sanger iPCR; auto-detected)
Maximum trimming error rate: 0.1 (default)
Minimum required adapter overlap (stringency): 6 bp
Minimum required sequence length for both reads before a sequence pair gets removed: 20 bp
Running FastQC on the data once trimming has completed
Running FastQC with the following extra arguments: -t 8
Output file will be GZIP compressed


This is cutadapt 4.4 with Python 3.11.2
Command line parameters: -j 12 -e 0.1 -q 20 -O 6 -a AGATCGGAAGAGC /srv/scratch/voineagu/PROJECTS/NMD_data/FMR1/192_L3_2.fq.gz
Processing single-end reads on 12 cores ...
Finished in 473.169 s (5.109 µs/read; 11.74 M reads/minute).

=== Summary ===

Total reads processed:              92,606,525
Reads with adapters:                 1,797,080 (1.9%)
Reads written (passing filters):    92,606,525 (100.0%)

Total basepairs processed: 13,890,978,750 bp
Quality-trimmed:              20,821,250 bp (0.1%)
Total written (filtered):  13,824,608,005 bp (99.5%)

=== Adapter 1 ===

Sequence: AGATCGGAAGAGC; Type: regular 3'; Length: 13; Trimmed: 1797080 times

Minimum overlap: 6
No. of allowed errors:
1-9 bp: 0; 10-13 bp: 1

Bases preceding removed adapters:
  A: 6.4%
  C: 47.0%
  G: 33.8%
  T: 12.8%
  none/other: 0.0%

Overview of removed sequences
length	count	expect	max.err	error counts
6	77068	22609.0	0	77068
7	76731	5652.3	0	76731
8	74031	1413.1	0	74031
9	51091	353.3	0	48803 2288
10	65674	88.3	1	57618 8056
11	60002	22.1	1	54492 5510
12	59933	5.5	1	55634 4299
13	54672	1.4	1	51133 3539
14	57654	1.4	1	53154 4500
15	50829	1.4	1	47685 3144
16	50754	1.4	1	47172 3582
17	58253	1.4	1	54351 3902
18	37689	1.4	1	35632 2057
19	61467	1.4	1	57525 3942
20	38085	1.4	1	35736 2349
21	35427	1.4	1	33489 1938
22	40905	1.4	1	38502 2403
23	39993	1.4	1	37655 2338
24	52622	1.4	1	49089 3533
25	38749	1.4	1	36496 2253
26	31709	1.4	1	30090 1619
27	28883	1.4	1	27385 1498
28	34908	1.4	1	32971 1937
29	30532	1.4	1	28870 1662
30	31979	1.4	1	30337 1642
31	29532	1.4	1	28140 1392
32	28611	1.4	1	27253 1358
33	28820	1.4	1	27332 1488
34	30853	1.4	1	29244 1609
35	22371	1.4	1	21333 1038
36	25999	1.4	1	24844 1155
37	27993	1.4	1	26550 1443
38	21146	1.4	1	20101 1045
39	19946	1.4	1	18826 1120
40	20254	1.4	1	19302 952
41	18622	1.4	1	17674 948
42	19363	1.4	1	18432 931
43	15607	1.4	1	14924 683
44	16889	1.4	1	16018 871
45	16139	1.4	1	15411 728
46	16259	1.4	1	15438 821
47	13489	1.4	1	12860 629
48	12758	1.4	1	12007 751
49	13994	1.4	1	13332 662
50	10285	1.4	1	9712 573
51	11562	1.4	1	11004 558
52	9583	1.4	1	9118 465
53	9355	1.4	1	8872 483
54	9571	1.4	1	9117 454
55	7257	1.4	1	6949 308
56	7591	1.4	1	7193 398
57	9413	1.4	1	8908 505
58	4900	1.4	1	4596 304
59	5018	1.4	1	4747 271
60	6372	1.4	1	6009 363
61	4450	1.4	1	4202 248
62	4360	1.4	1	4054 306
63	7516	1.4	1	7076 440
64	3287	1.4	1	2904 383
65	2417	1.4	1	2233 184
66	2787	1.4	1	2587 200
67	3051	1.4	1	2824 227
68	2670	1.4	1	2423 247
69	2215	1.4	1	2028 187
70	2546	1.4	1	2356 190
71	1934	1.4	1	1770 164
72	2120	1.4	1	1796 324
73	2815	1.4	1	2544 271
74	1531	1.4	1	1358 173
75	1010	1.4	1	809 201
76	382	1.4	1	258 124
77	630	1.4	1	494 136
78	895	1.4	1	733 162
79	845	1.4	1	683 162
80	938	1.4	1	736 202
81	801	1.4	1	640 161
82	737	1.4	1	603 134
83	771	1.4	1	575 196
84	771	1.4	1	523 248
85	654	1.4	1	500 154
86	676	1.4	1	486 190
87	633	1.4	1	492 141
88	648	1.4	1	420 228
89	594	1.4	1	431 163
90	511	1.4	1	381 130
91	454	1.4	1	328 126
92	489	1.4	1	358 131
93	454	1.4	1	286 168
94	463	1.4	1	293 170
95	409	1.4	1	277 132
96	367	1.4	1	248 119
97	407	1.4	1	260 147
98	517	1.4	1	282 235
99	422	1.4	1	240 182
100	392	1.4	1	252 140
101	358	1.4	1	202 156
102	304	1.4	1	174 130
103	371	1.4	1	190 181
104	392	1.4	1	157 235
105	264	1.4	1	153 111
106	315	1.4	1	165 150
107	232	1.4	1	143 89
108	248	1.4	1	129 119
109	239	1.4	1	144 95
110	262	1.4	1	145 117
111	230	1.4	1	146 84
112	219	1.4	1	110 109
113	215	1.4	1	98 117
114	222	1.4	1	115 107
115	183	1.4	1	90 93
116	234	1.4	1	105 129
117	220	1.4	1	96 124
118	227	1.4	1	110 117
119	176	1.4	1	89 87
120	184	1.4	1	79 105
121	189	1.4	1	73 116
122	164	1.4	1	75 89
123	196	1.4	1	66 130
124	188	1.4	1	72 116
125	166	1.4	1	63 103
126	152	1.4	1	54 98
127	126	1.4	1	36 90
128	163	1.4	1	45 118
129	133	1.4	1	21 112
130	195	1.4	1	32 163
131	100	1.4	1	23 77
132	108	1.4	1	23 85
133	110	1.4	1	16 94
134	95	1.4	1	13 82
135	103	1.4	1	14 89
136	85	1.4	1	13 72
137	96	1.4	1	12 84
138	90	1.4	1	3 87
139	85	1.4	1	7 78
140	32	1.4	1	0 32
141	73	1.4	1	3 70
142	77	1.4	1	3 74
143	52	1.4	1	0 52
144	25	1.4	1	0 25
145	40	1.4	1	1 39
146	50	1.4	1	0 50
147	111	1.4	1	0 111
148	71	1.4	1	2 69
149	88	1.4	1	2 86
150	61	1.4	1	0 61

RUN STATISTICS FOR INPUT FILE: /srv/scratch/voineagu/PROJECTS/NMD_data/FMR1/192_L3_2.fq.gz
=============================================
92606525 sequences processed in total

Total number of sequences analysed for the sequence pair length validation: 92606525

Number of sequence pairs removed because at least one read was shorter than the length cutoff (20 bp): 16012 (0.02%)
