
SUMMARISING RUN PARAMETERS
==========================
Input filename: /srv/scratch/voineagu/PROJECTS/NMD_data/FMR1/193_L3_2.fq.gz
Trimming mode: paired-end
Trim Galore version: 0.6.10
Cutadapt version: 4.4
Python version: 3.11.2
Number of cores used for trimming: 12
Quality Phred score cutoff: 20
Quality encoding type selected: ASCII+33
Using Illumina adapter for trimming (count: 14218). Second best hit was smallRNA (count: 23)
Adapter sequence: 'AGATCGGAAGAGC' (Illumina TruSeq, Sanger iPCR; auto-detected)
Maximum trimming error rate: 0.1 (default)
Minimum required adapter overlap (stringency): 6 bp
Minimum required sequence length for both reads before a sequence pair gets removed: 20 bp
Running FastQC on the data once trimming has completed
Running FastQC with the following extra arguments: -t 8
Output file will be GZIP compressed


This is cutadapt 4.4 with Python 3.11.2
Command line parameters: -j 12 -e 0.1 -q 20 -O 6 -a AGATCGGAAGAGC /srv/scratch/voineagu/PROJECTS/NMD_data/FMR1/193_L3_2.fq.gz
Processing single-end reads on 12 cores ...
Finished in 559.696 s (5.064 µs/read; 11.85 M reads/minute).

=== Summary ===

Total reads processed:             110,530,809
Reads with adapters:                 1,968,421 (1.8%)
Reads written (passing filters):   110,530,809 (100.0%)

Total basepairs processed: 16,579,621,350 bp
Quality-trimmed:              26,791,152 bp (0.2%)
Total written (filtered):  16,502,715,208 bp (99.5%)

=== Adapter 1 ===

Sequence: AGATCGGAAGAGC; Type: regular 3'; Length: 13; Trimmed: 1968421 times

Minimum overlap: 6
No. of allowed errors:
1-9 bp: 0; 10-13 bp: 1

Bases preceding removed adapters:
  A: 7.1%
  C: 42.6%
  G: 37.5%
  T: 12.8%
  none/other: 0.0%

Overview of removed sequences
length	count	expect	max.err	error counts
6	85047	26985.1	0	85047
7	82421	6746.3	0	82421
8	79425	1686.6	0	79425
9	56722	421.6	0	53882 2840
10	71048	105.4	1	62562 8486
11	65465	26.4	1	59250 6215
12	64614	6.6	1	60328 4286
13	59511	1.6	1	55789 3722
14	62615	1.6	1	58107 4508
15	55457	1.6	1	52174 3283
16	55193	1.6	1	51583 3610
17	62801	1.6	1	58841 3960
18	42577	1.6	1	40323 2254
19	65681	1.6	1	61831 3850
20	42425	1.6	1	39987 2438
21	40639	1.6	1	38617 2022
22	44274	1.6	1	41840 2434
23	43806	1.6	1	41402 2404
24	55998	1.6	1	52325 3673
25	42676	1.6	1	40421 2255
26	35315	1.6	1	33505 1810
27	32425	1.6	1	30833 1592
28	37750	1.6	1	35684 2066
29	33972	1.6	1	32311 1661
30	34357	1.6	1	32708 1649
31	33136	1.6	1	31637 1499
32	31816	1.6	1	30274 1542
33	31135	1.6	1	29603 1532
34	33590	1.6	1	31843 1747
35	25491	1.6	1	24377 1114
36	28449	1.6	1	27296 1153
37	30207	1.6	1	28799 1408
38	23115	1.6	1	22059 1056
39	22491	1.6	1	21321 1170
40	23114	1.6	1	22028 1086
41	20770	1.6	1	19678 1092
42	20947	1.6	1	20023 924
43	17883	1.6	1	17135 748
44	18451	1.6	1	17551 900
45	17623	1.6	1	16810 813
46	18418	1.6	1	17517 901
47	14678	1.6	1	13979 699
48	14149	1.6	1	13426 723
49	15046	1.6	1	14335 711
50	11359	1.6	1	10695 664
51	12359	1.6	1	11766 593
52	10501	1.6	1	9973 528
53	10184	1.6	1	9663 521
54	10897	1.6	1	10378 519
55	7904	1.6	1	7597 307
56	8568	1.6	1	8140 428
57	9753	1.6	1	9183 570
58	5766	1.6	1	5461 305
59	5713	1.6	1	5397 316
60	6877	1.6	1	6443 434
61	4894	1.6	1	4566 328
62	4771	1.6	1	4424 347
63	8068	1.6	1	7488 580
64	3466	1.6	1	3016 450
65	2756	1.6	1	2532 224
66	3102	1.6	1	2822 280
67	3327	1.6	1	3058 269
68	3086	1.6	1	2769 317
69	2479	1.6	1	2277 202
70	2740	1.6	1	2518 222
71	2274	1.6	1	2021 253
72	2370	1.6	1	1981 389
73	3209	1.6	1	2858 351
74	1841	1.6	1	1645 196
75	1213	1.6	1	998 215
76	496	1.6	1	356 140
77	713	1.6	1	558 155
78	1032	1.6	1	808 224
79	906	1.6	1	729 177
80	1041	1.6	1	831 210
81	905	1.6	1	680 225
82	843	1.6	1	675 168
83	902	1.6	1	661 241
84	872	1.6	1	661 211
85	792	1.6	1	595 197
86	707	1.6	1	529 178
87	739	1.6	1	550 189
88	687	1.6	1	472 215
89	646	1.6	1	459 187
90	638	1.6	1	441 197
91	550	1.6	1	391 159
92	610	1.6	1	399 211
93	554	1.6	1	356 198
94	551	1.6	1	339 212
95	474	1.6	1	334 140
96	443	1.6	1	292 151
97	465	1.6	1	292 173
98	549	1.6	1	287 262
99	485	1.6	1	267 218
100	371	1.6	1	237 134
101	445	1.6	1	241 204
102	334	1.6	1	184 150
103	429	1.6	1	188 241
104	463	1.6	1	198 265
105	310	1.6	1	170 140
106	290	1.6	1	147 143
107	296	1.6	1	178 118
108	292	1.6	1	144 148
109	293	1.6	1	158 135
110	305	1.6	1	164 141
111	287	1.6	1	136 151
112	279	1.6	1	121 158
113	275	1.6	1	137 138
114	229	1.6	1	100 129
115	229	1.6	1	114 115
116	247	1.6	1	105 142
117	233	1.6	1	107 126
118	182	1.6	1	81 101
119	217	1.6	1	110 107
120	210	1.6	1	96 114
121	200	1.6	1	83 117
122	156	1.6	1	62 94
123	188	1.6	1	72 116
124	208	1.6	1	58 150
125	164	1.6	1	53 111
126	160	1.6	1	59 101
127	166	1.6	1	51 115
128	157	1.6	1	32 125
129	137	1.6	1	40 97
130	238	1.6	1	25 213
131	109	1.6	1	22 87
132	112	1.6	1	20 92
133	105	1.6	1	14 91
134	99	1.6	1	8 91
135	111	1.6	1	16 95
136	129	1.6	1	5 124
137	83	1.6	1	4 79
138	93	1.6	1	5 88
139	38	1.6	1	3 35
140	30	1.6	1	4 26
141	97	1.6	1	4 93
142	113	1.6	1	3 110
143	73	1.6	1	3 70
144	23	1.6	1	0 23
145	48	1.6	1	1 47
146	52	1.6	1	2 50
147	112	1.6	1	3 109
148	63	1.6	1	1 62
149	95	1.6	1	0 95
150	46	1.6	1	0 46

RUN STATISTICS FOR INPUT FILE: /srv/scratch/voineagu/PROJECTS/NMD_data/FMR1/193_L3_2.fq.gz
=============================================
110530809 sequences processed in total

Total number of sequences analysed for the sequence pair length validation: 110530809

Number of sequence pairs removed because at least one read was shorter than the length cutoff (20 bp): 22752 (0.02%)
