
SUMMARISING RUN PARAMETERS
==========================
Input filename: /srv/scratch/voineagu/PROJECTS/NMD_data/FMR1/193_L3_1.fq.gz
Trimming mode: paired-end
Trim Galore version: 0.6.10
Cutadapt version: 4.4
Python version: 3.11.2
Number of cores used for trimming: 12
Quality Phred score cutoff: 20
Quality encoding type selected: ASCII+33
Using Illumina adapter for trimming (count: 14218). Second best hit was smallRNA (count: 23)
Adapter sequence: 'AGATCGGAAGAGC' (Illumina TruSeq, Sanger iPCR; auto-detected)
Maximum trimming error rate: 0.1 (default)
Minimum required adapter overlap (stringency): 6 bp
Minimum required sequence length for both reads before a sequence pair gets removed: 20 bp
Running FastQC on the data once trimming has completed
Running FastQC with the following extra arguments: -t 8
Output file will be GZIP compressed


This is cutadapt 4.4 with Python 3.11.2
Command line parameters: -j 12 -e 0.1 -q 20 -O 6 -a AGATCGGAAGAGC /srv/scratch/voineagu/PROJECTS/NMD_data/FMR1/193_L3_1.fq.gz
Processing single-end reads on 12 cores ...
Finished in 568.120 s (5.140 µs/read; 11.67 M reads/minute).

=== Summary ===

Total reads processed:             110,530,809
Reads with adapters:                 1,918,875 (1.7%)
Reads written (passing filters):   110,530,809 (100.0%)

Total basepairs processed: 16,579,621,350 bp
Quality-trimmed:              14,785,896 bp (0.1%)
Total written (filtered):  16,517,016,338 bp (99.6%)

=== Adapter 1 ===

Sequence: AGATCGGAAGAGC; Type: regular 3'; Length: 13; Trimmed: 1918875 times

Minimum overlap: 6
No. of allowed errors:
1-9 bp: 0; 10-13 bp: 1

Bases preceding removed adapters:
  A: 9.2%
  C: 36.9%
  G: 35.4%
  T: 18.5%
  none/other: 0.0%

Overview of removed sequences
length	count	expect	max.err	error counts
6	76176	26985.1	0	76176
7	71790	6746.3	0	71790
8	73944	1686.6	0	73944
9	63087	421.6	0	61795 1292
10	65683	105.4	1	61638 4045
11	66402	26.4	1	62083 4319
12	64170	6.6	1	61089 3081
13	58730	1.6	1	55966 2764
14	59911	1.6	1	56827 3084
15	57314	1.6	1	54761 2553
16	55783	1.6	1	52840 2943
17	56857	1.6	1	53555 3302
18	52775	1.6	1	50534 2241
19	47923	1.6	1	45768 2155
20	78189	1.6	1	75652 2537
21	16163	1.6	1	15140 1023
22	45454	1.6	1	43644 1810
23	44268	1.6	1	42420 1848
24	43315	1.6	1	41195 2120
25	41288	1.6	1	39650 1638
26	39527	1.6	1	38032 1495
27	39573	1.6	1	38085 1488
28	37163	1.6	1	35683 1480
29	35505	1.6	1	33947 1558
30	34197	1.6	1	33083 1114
31	31854	1.6	1	30688 1166
32	33964	1.6	1	32702 1262
33	28723	1.6	1	27530 1193
34	30249	1.6	1	29051 1198
35	30857	1.6	1	29579 1278
36	26265	1.6	1	25107 1158
37	27529	1.6	1	26666 863
38	21933	1.6	1	21251 682
39	23778	1.6	1	22879 899
40	22365	1.6	1	21466 899
41	21627	1.6	1	20800 827
42	22152	1.6	1	21215 937
43	22049	1.6	1	21183 866
44	17826	1.6	1	16863 963
45	36691	1.6	1	35663 1028
46	7290	1.6	1	6836 454
47	11947	1.6	1	11375 572
48	38655	1.6	1	37752 903
49	11408	1.6	1	10932 476
50	3401	1.6	1	3113 288
51	16836	1.6	1	16334 502
52	12599	1.6	1	12197 402
53	2928	1.6	1	2762 166
54	9464	1.6	1	9032 432
55	17284	1.6	1	16916 368
56	5856	1.6	1	5626 230
57	4517	1.6	1	4342 175
58	2976	1.6	1	2795 181
59	5622	1.6	1	5465 157
60	1101	1.6	1	1003 98
61	1623	1.6	1	1496 127
62	6112	1.6	1	5918 194
63	1649	1.6	1	1528 121
64	1115	1.6	1	999 116
65	1912	1.6	1	1778 134
66	5032	1.6	1	4885 147
67	550	1.6	1	442 108
68	1003	1.6	1	908 95
69	743	1.6	1	675 68
70	606	1.6	1	543 63
71	177	1.6	1	106 71
72	336	1.6	1	256 80
73	883	1.6	1	715 168
74	1160	1.6	1	1058 102
75	1265	1.6	1	1166 99
76	1085	1.6	1	991 94
77	1093	1.6	1	971 122
78	1063	1.6	1	952 111
79	915	1.6	1	796 119
80	867	1.6	1	775 92
81	735	1.6	1	651 84
82	686	1.6	1	598 88
83	679	1.6	1	575 104
84	723	1.6	1	596 127
85	576	1.6	1	463 113
86	559	1.6	1	449 110
87	536	1.6	1	439 97
88	516	1.6	1	392 124
89	460	1.6	1	357 103
90	427	1.6	1	321 106
91	393	1.6	1	320 73
92	433	1.6	1	289 144
93	352	1.6	1	255 97
94	354	1.6	1	251 103
95	355	1.6	1	243 112
96	308	1.6	1	217 91
97	333	1.6	1	216 117
98	274	1.6	1	193 81
99	242	1.6	1	154 88
100	234	1.6	1	144 90
101	220	1.6	1	151 69
102	261	1.6	1	132 129
103	185	1.6	1	125 60
104	234	1.6	1	124 110
105	189	1.6	1	100 89
106	169	1.6	1	94 75
107	176	1.6	1	118 58
108	203	1.6	1	92 111
109	179	1.6	1	98 81
110	196	1.6	1	96 100
111	154	1.6	1	89 65
112	165	1.6	1	90 75
113	145	1.6	1	70 75
114	116	1.6	1	68 48
115	107	1.6	1	59 48
116	169	1.6	1	66 103
117	101	1.6	1	58 43
118	105	1.6	1	44 61
119	122	1.6	1	71 51
120	168	1.6	1	66 102
121	155	1.6	1	50 105
122	124	1.6	1	47 77
123	70	1.6	1	35 35
124	145	1.6	1	42 103
125	83	1.6	1	31 52
126	70	1.6	1	41 29
127	59	1.6	1	33 26
128	83	1.6	1	29 54
129	82	1.6	1	30 52
130	63	1.6	1	19 44
131	112	1.6	1	17 95
132	63	1.6	1	19 44
133	84	1.6	1	11 73
134	77	1.6	1	9 68
135	81	1.6	1	18 63
136	62	1.6	1	5 57
137	83	1.6	1	5 78
138	73	1.6	1	5 68
139	78	1.6	1	2 76
140	58	1.6	1	4 54
141	57	1.6	1	3 54
142	28	1.6	1	3 25
143	33	1.6	1	2 31
144	48	1.6	1	0 48
145	35	1.6	1	1 34
146	22	1.6	1	1 21
147	42	1.6	1	3 39
148	13	1.6	1	1 12
149	31	1.6	1	0 31
150	200	1.6	1	0 200

RUN STATISTICS FOR INPUT FILE: /srv/scratch/voineagu/PROJECTS/NMD_data/FMR1/193_L3_1.fq.gz
=============================================
110530809 sequences processed in total

