
SUMMARISING RUN PARAMETERS
==========================
Input filename: /srv/scratch/voineagu/PROJECTS/NMD_data/FMR1/194_L3_1.fq.gz
Trimming mode: paired-end
Trim Galore version: 0.6.10
Cutadapt version: 4.4
Python version: 3.11.2
Number of cores used for trimming: 12
Quality Phred score cutoff: 20
Quality encoding type selected: ASCII+33
Using Illumina adapter for trimming (count: 14400). Second best hit was Nextera (count: 9)
Adapter sequence: 'AGATCGGAAGAGC' (Illumina TruSeq, Sanger iPCR; auto-detected)
Maximum trimming error rate: 0.1 (default)
Minimum required adapter overlap (stringency): 6 bp
Minimum required sequence length for both reads before a sequence pair gets removed: 20 bp
Running FastQC on the data once trimming has completed
Running FastQC with the following extra arguments: -t 8
Output file will be GZIP compressed


This is cutadapt 4.4 with Python 3.11.2
Command line parameters: -j 12 -e 0.1 -q 20 -O 6 -a AGATCGGAAGAGC /srv/scratch/voineagu/PROJECTS/NMD_data/FMR1/194_L3_1.fq.gz
Processing single-end reads on 12 cores ...
Finished in 583.860 s (4.945 µs/read; 12.13 M reads/minute).

=== Summary ===

Total reads processed:             118,080,431
Reads with adapters:                 2,045,014 (1.7%)
Reads written (passing filters):   118,080,431 (100.0%)

Total basepairs processed: 17,712,064,650 bp
Quality-trimmed:              15,915,104 bp (0.1%)
Total written (filtered):  17,645,345,649 bp (99.6%)

=== Adapter 1 ===

Sequence: AGATCGGAAGAGC; Type: regular 3'; Length: 13; Trimmed: 2045014 times

Minimum overlap: 6
No. of allowed errors:
1-9 bp: 0; 10-13 bp: 1

Bases preceding removed adapters:
  A: 8.8%
  C: 41.8%
  G: 31.6%
  T: 17.8%
  none/other: 0.0%

Overview of removed sequences
length	count	expect	max.err	error counts
6	81793	28828.2	0	81793
7	76596	7207.1	0	76596
8	78573	1801.8	0	78573
9	68931	450.4	0	67591 1340
10	70528	112.6	1	66425 4103
11	72096	28.2	1	67637 4459
12	69027	7.0	1	65960 3067
13	64111	1.8	1	61314 2797
14	64200	1.8	1	61229 2971
15	62257	1.8	1	59531 2726
16	59125	1.8	1	56157 2968
17	61597	1.8	1	58278 3319
18	56599	1.8	1	54376 2223
19	48865	1.8	1	47190 1675
20	53065	1.8	1	50801 2264
21	50316	1.8	1	48366 1950
22	49136	1.8	1	47247 1889
23	48121	1.8	1	46144 1977
24	47059	1.8	1	44717 2342
25	43385	1.8	1	41657 1728
26	42393	1.8	1	40827 1566
27	42873	1.8	1	41257 1616
28	39461	1.8	1	37935 1526
29	38588	1.8	1	36908 1680
30	36344	1.8	1	35183 1161
31	34155	1.8	1	32994 1161
32	34189	1.8	1	33000 1189
33	32894	1.8	1	31545 1349
34	33833	1.8	1	32412 1421
35	29019	1.8	1	28039 980
36	27809	1.8	1	26998 811
37	26289	1.8	1	25398 891
38	27485	1.8	1	26465 1020
39	23778	1.8	1	22908 870
40	23803	1.8	1	22820 983
41	25165	1.8	1	23997 1168
42	23264	1.8	1	22508 756
43	18376	1.8	1	17496 880
44	19076	1.8	1	18205 871
45	30602	1.8	1	29623 979
46	6083	1.8	1	5685 398
47	15225	1.8	1	14522 703
48	38290	1.8	1	37271 1019
49	12923	1.8	1	12359 564
50	4119	1.8	1	3788 331
51	17017	1.8	1	16513 504
52	12819	1.8	1	12419 400
53	3847	1.8	1	3660 187
54	9901	1.8	1	9444 457
55	17899	1.8	1	17499 400
56	6117	1.8	1	5897 220
57	5747	1.8	1	5534 213
58	3564	1.8	1	3390 174
59	6038	1.8	1	5843 195
60	1318	1.8	1	1214 104
61	1786	1.8	1	1659 127
62	6622	1.8	1	6414 208
63	2078	1.8	1	1950 128
64	1244	1.8	1	1121 123
65	1986	1.8	1	1858 128
66	5601	1.8	1	5426 175
67	578	1.8	1	478 100
68	971	1.8	1	908 63
69	697	1.8	1	631 66
70	525	1.8	1	457 68
71	196	1.8	1	128 68
72	419	1.8	1	315 104
73	858	1.8	1	695 163
74	1168	1.8	1	1025 143
75	1252	1.8	1	1135 117
76	1168	1.8	1	1044 124
77	1299	1.8	1	1133 166
78	1142	1.8	1	1011 131
79	977	1.8	1	860 117
80	924	1.8	1	812 112
81	880	1.8	1	774 106
82	793	1.8	1	695 98
83	684	1.8	1	561 123
84	741	1.8	1	632 109
85	723	1.8	1	610 113
86	668	1.8	1	523 145
87	623	1.8	1	493 130
88	562	1.8	1	456 106
89	536	1.8	1	402 134
90	468	1.8	1	357 111
91	487	1.8	1	351 136
92	546	1.8	1	388 158
93	382	1.8	1	302 80
94	434	1.8	1	323 111
95	417	1.8	1	295 122
96	381	1.8	1	315 66
97	410	1.8	1	254 156
98	359	1.8	1	270 89
99	297	1.8	1	209 88
100	279	1.8	1	188 91
101	269	1.8	1	187 82
102	332	1.8	1	189 143
103	269	1.8	1	166 103
104	264	1.8	1	155 109
105	263	1.8	1	166 97
106	250	1.8	1	146 104
107	255	1.8	1	167 88
108	231	1.8	1	125 106
109	203	1.8	1	129 74
110	219	1.8	1	134 85
111	190	1.8	1	125 65
112	170	1.8	1	97 73
113	187	1.8	1	100 87
114	155	1.8	1	99 56
115	145	1.8	1	97 48
116	193	1.8	1	78 115
117	127	1.8	1	64 63
118	143	1.8	1	66 77
119	157	1.8	1	74 83
120	181	1.8	1	76 105
121	198	1.8	1	68 130
122	127	1.8	1	50 77
123	103	1.8	1	51 52
124	192	1.8	1	50 142
125	116	1.8	1	58 58
126	76	1.8	1	38 38
127	98	1.8	1	40 58
128	101	1.8	1	45 56
129	64	1.8	1	26 38
130	69	1.8	1	27 42
131	93	1.8	1	18 75
132	83	1.8	1	23 60
133	89	1.8	1	10 79
134	68	1.8	1	14 54
135	69	1.8	1	8 61
136	109	1.8	1	5 104
137	121	1.8	1	10 111
138	102	1.8	1	6 96
139	95	1.8	1	4 91
140	57	1.8	1	3 54
141	76	1.8	1	4 72
142	62	1.8	1	5 57
143	31	1.8	1	2 29
144	43	1.8	1	1 42
145	15	1.8	1	0 15
146	22	1.8	1	2 20
147	61	1.8	1	5 56
148	34	1.8	1	1 33
149	25	1.8	1	0 25
150	568	1.8	1	0 568

RUN STATISTICS FOR INPUT FILE: /srv/scratch/voineagu/PROJECTS/NMD_data/FMR1/194_L3_1.fq.gz
=============================================
118080431 sequences processed in total

