
SUMMARISING RUN PARAMETERS
==========================
Input filename: /srv/scratch/voineagu/PROJECTS/NMD_data/FMR1/195_L3_1.fq.gz
Trimming mode: paired-end
Trim Galore version: 0.6.10
Cutadapt version: 4.4
Python version: 3.11.2
Number of cores used for trimming: 12
Quality Phred score cutoff: 20
Quality encoding type selected: ASCII+33
Using Illumina adapter for trimming (count: 13200). Second best hit was smallRNA (count: 15)
Adapter sequence: 'AGATCGGAAGAGC' (Illumina TruSeq, Sanger iPCR; auto-detected)
Maximum trimming error rate: 0.1 (default)
Minimum required adapter overlap (stringency): 6 bp
Minimum required sequence length for both reads before a sequence pair gets removed: 20 bp
Running FastQC on the data once trimming has completed
Running FastQC with the following extra arguments: -t 8
Output file will be GZIP compressed


This is cutadapt 4.4 with Python 3.11.2
Command line parameters: -j 12 -e 0.1 -q 20 -O 6 -a AGATCGGAAGAGC /srv/scratch/voineagu/PROJECTS/NMD_data/FMR1/195_L3_1.fq.gz
Processing single-end reads on 12 cores ...
Finished in 554.413 s (4.952 µs/read; 12.12 M reads/minute).

=== Summary ===

Total reads processed:             111,955,907
Reads with adapters:                 1,771,838 (1.6%)
Reads written (passing filters):   111,955,907 (100.0%)

Total basepairs processed: 16,793,386,050 bp
Quality-trimmed:              14,790,397 bp (0.1%)
Total written (filtered):  16,734,766,811 bp (99.7%)

=== Adapter 1 ===

Sequence: AGATCGGAAGAGC; Type: regular 3'; Length: 13; Trimmed: 1771838 times

Minimum overlap: 6
No. of allowed errors:
1-9 bp: 0; 10-13 bp: 1

Bases preceding removed adapters:
  A: 8.5%
  C: 41.2%
  G: 32.4%
  T: 17.9%
  none/other: 0.0%

Overview of removed sequences
length	count	expect	max.err	error counts
6	69378	27333.0	0	69378
7	65806	6833.2	0	65806
8	67537	1708.3	0	67537
9	58803	427.1	0	57467 1336
10	60963	106.8	1	56746 4217
11	60556	26.7	1	56446 4110
12	59091	6.7	1	55996 3095
13	54119	1.7	1	51319 2800
14	56015	1.7	1	52903 3112
15	53010	1.7	1	50588 2422
16	51612	1.7	1	48800 2812
17	53156	1.7	1	49989 3167
18	48799	1.7	1	46666 2133
19	42035	1.7	1	40255 1780
20	46765	1.7	1	44633 2132
21	43837	1.7	1	41852 1985
22	42050	1.7	1	40247 1803
23	42017	1.7	1	40057 1960
24	40835	1.7	1	38674 2161
25	37807	1.7	1	36127 1680
26	36730	1.7	1	35266 1464
27	37094	1.7	1	35560 1534
28	34516	1.7	1	33136 1380
29	34758	1.7	1	33139 1619
30	31719	1.7	1	30616 1103
31	29766	1.7	1	28603 1163
32	29457	1.7	1	28251 1206
33	29417	1.7	1	28127 1290
34	28285	1.7	1	27066 1219
35	27031	1.7	1	25860 1171
36	24705	1.7	1	23641 1064
37	25162	1.7	1	23813 1349
38	22343	1.7	1	21585 758
39	20718	1.7	1	19874 844
40	20146	1.7	1	19253 893
41	20170	1.7	1	19240 930
42	22283	1.7	1	21435 848
43	15854	1.7	1	14912 942
44	17690	1.7	1	16798 892
45	27089	1.7	1	26172 917
46	6341	1.7	1	5953 388
47	14372	1.7	1	13410 962
48	67198	1.7	1	65694 1504
49	17752	1.7	1	17061 691
50	2079	1.7	1	1762 317
51	13793	1.7	1	13372 421
52	10174	1.7	1	9858 316
53	961	1.7	1	813 148
54	4457	1.7	1	4140 317
55	6318	1.7	1	6087 231
56	2012	1.7	1	1876 136
57	969	1.7	1	836 133
58	776	1.7	1	642 134
59	2413	1.7	1	2281 132
60	336	1.7	1	261 75
61	703	1.7	1	611 92
62	2803	1.7	1	2664 139
63	612	1.7	1	511 101
64	590	1.7	1	485 105
65	1063	1.7	1	946 117
66	2495	1.7	1	2359 136
67	344	1.7	1	256 88
68	354	1.7	1	282 72
69	344	1.7	1	308 36
70	388	1.7	1	325 63
71	137	1.7	1	91 46
72	206	1.7	1	132 74
73	604	1.7	1	381 223
74	804	1.7	1	678 126
75	1018	1.7	1	916 102
76	982	1.7	1	859 123
77	1057	1.7	1	921 136
78	965	1.7	1	868 97
79	916	1.7	1	789 127
80	887	1.7	1	780 107
81	738	1.7	1	636 102
82	716	1.7	1	621 95
83	620	1.7	1	539 81
84	654	1.7	1	526 128
85	612	1.7	1	514 98
86	534	1.7	1	410 124
87	553	1.7	1	456 97
88	552	1.7	1	440 112
89	446	1.7	1	354 92
90	445	1.7	1	317 128
91	394	1.7	1	286 108
92	446	1.7	1	309 137
93	400	1.7	1	277 123
94	377	1.7	1	264 113
95	396	1.7	1	265 131
96	284	1.7	1	222 62
97	364	1.7	1	226 138
98	285	1.7	1	218 67
99	265	1.7	1	187 78
100	262	1.7	1	183 79
101	243	1.7	1	177 66
102	305	1.7	1	149 156
103	217	1.7	1	112 105
104	226	1.7	1	140 86
105	204	1.7	1	116 88
106	183	1.7	1	88 95
107	224	1.7	1	134 90
108	184	1.7	1	106 78
109	190	1.7	1	122 68
110	184	1.7	1	109 75
111	133	1.7	1	78 55
112	140	1.7	1	76 64
113	180	1.7	1	95 85
114	153	1.7	1	84 69
115	116	1.7	1	68 48
116	146	1.7	1	79 67
117	134	1.7	1	74 60
118	138	1.7	1	66 72
119	148	1.7	1	64 84
120	142	1.7	1	63 79
121	187	1.7	1	72 115
122	95	1.7	1	50 45
123	81	1.7	1	40 41
124	135	1.7	1	43 92
125	109	1.7	1	38 71
126	75	1.7	1	34 41
127	57	1.7	1	36 21
128	92	1.7	1	34 58
129	72	1.7	1	32 40
130	66	1.7	1	20 46
131	74	1.7	1	13 61
132	75	1.7	1	21 54
133	74	1.7	1	9 65
134	84	1.7	1	14 70
135	97	1.7	1	11 86
136	74	1.7	1	8 66
137	63	1.7	1	7 56
138	97	1.7	1	10 87
139	89	1.7	1	5 84
140	68	1.7	1	8 60
141	99	1.7	1	3 96
142	93	1.7	1	7 86
143	50	1.7	1	2 48
144	30	1.7	1	0 30
145	26	1.7	1	2 24
146	39	1.7	1	1 38
147	67	1.7	1	1 66
148	19	1.7	1	0 19
149	29	1.7	1	0 29
150	342	1.7	1	1 341

RUN STATISTICS FOR INPUT FILE: /srv/scratch/voineagu/PROJECTS/NMD_data/FMR1/195_L3_1.fq.gz
=============================================
111955907 sequences processed in total

