
SUMMARISING RUN PARAMETERS
==========================
Input filename: /srv/scratch/voineagu/PROJECTS/NMD_data/FMR1/195_L3_2.fq.gz
Trimming mode: paired-end
Trim Galore version: 0.6.10
Cutadapt version: 4.4
Python version: 3.11.2
Number of cores used for trimming: 12
Quality Phred score cutoff: 20
Quality encoding type selected: ASCII+33
Using Illumina adapter for trimming (count: 13200). Second best hit was smallRNA (count: 15)
Adapter sequence: 'AGATCGGAAGAGC' (Illumina TruSeq, Sanger iPCR; auto-detected)
Maximum trimming error rate: 0.1 (default)
Minimum required adapter overlap (stringency): 6 bp
Minimum required sequence length for both reads before a sequence pair gets removed: 20 bp
Running FastQC on the data once trimming has completed
Running FastQC with the following extra arguments: -t 8
Output file will be GZIP compressed


This is cutadapt 4.4 with Python 3.11.2
Command line parameters: -j 12 -e 0.1 -q 20 -O 6 -a AGATCGGAAGAGC /srv/scratch/voineagu/PROJECTS/NMD_data/FMR1/195_L3_2.fq.gz
Processing single-end reads on 12 cores ...
Finished in 562.652 s (5.026 µs/read; 11.94 M reads/minute).

=== Summary ===

Total reads processed:             111,955,907
Reads with adapters:                 1,818,263 (1.6%)
Reads written (passing filters):   111,955,907 (100.0%)

Total basepairs processed: 16,793,386,050 bp
Quality-trimmed:              31,464,750 bp (0.2%)
Total written (filtered):  16,715,653,239 bp (99.5%)

=== Adapter 1 ===

Sequence: AGATCGGAAGAGC; Type: regular 3'; Length: 13; Trimmed: 1818263 times

Minimum overlap: 6
No. of allowed errors:
1-9 bp: 0; 10-13 bp: 1

Bases preceding removed adapters:
  A: 7.1%
  C: 46.1%
  G: 33.6%
  T: 13.1%
  none/other: 0.0%

Overview of removed sequences
length	count	expect	max.err	error counts
6	77580	27333.0	0	77580
7	77001	6833.2	0	77001
8	72784	1708.3	0	72784
9	52540	427.1	0	49740 2800
10	66415	106.8	1	57723 8692
11	59055	26.7	1	53198 5857
12	60117	6.7	1	55750 4367
13	54086	1.7	1	50451 3635
14	60987	1.7	1	56193 4794
15	48640	1.7	1	45579 3061
16	50811	1.7	1	47336 3475
17	59983	1.7	1	55910 4073
18	37735	1.7	1	35504 2231
19	50253	1.7	1	46986 3267
20	48973	1.7	1	45808 3165
21	40025	1.7	1	37647 2378
22	41143	1.7	1	38545 2598
23	40991	1.7	1	38501 2490
24	48911	1.7	1	45482 3429
25	41570	1.7	1	39154 2416
26	33597	1.7	1	31711 1886
27	31922	1.7	1	30103 1819
28	36421	1.7	1	34349 2072
29	31335	1.7	1	29588 1747
30	35180	1.7	1	33341 1839
31	27504	1.7	1	26183 1321
32	31445	1.7	1	29811 1634
33	30309	1.7	1	28803 1506
34	25876	1.7	1	24479 1397
35	31366	1.7	1	29779 1587
36	23562	1.7	1	22553 1009
37	26823	1.7	1	25611 1212
38	16896	1.7	1	16044 852
39	24389	1.7	1	22969 1420
40	17445	1.7	1	16680 765
41	19525	1.7	1	18511 1014
42	20284	1.7	1	19175 1109
43	16092	1.7	1	15351 741
44	17587	1.7	1	16623 964
45	16218	1.7	1	15351 867
46	15746	1.7	1	14892 854
47	13691	1.7	1	12967 724
48	12023	1.7	1	11323 700
49	13998	1.7	1	13292 706
50	9909	1.7	1	9240 669
51	11012	1.7	1	10418 594
52	9093	1.7	1	8593 500
53	9013	1.7	1	8461 552
54	9794	1.7	1	9230 564
55	6802	1.7	1	6496 306
56	7636	1.7	1	7197 439
57	9463	1.7	1	8886 577
58	4883	1.7	1	4571 312
59	4770	1.7	1	4454 316
60	6315	1.7	1	5870 445
61	4009	1.7	1	3667 342
62	4086	1.7	1	3728 358
63	7743	1.7	1	7248 495
64	3083	1.7	1	2678 405
65	2332	1.7	1	2087 245
66	2731	1.7	1	2537 194
67	2913	1.7	1	2675 238
68	2629	1.7	1	2332 297
69	2186	1.7	1	1993 193
70	2564	1.7	1	2320 244
71	1843	1.7	1	1665 178
72	2081	1.7	1	1718 363
73	2682	1.7	1	2371 311
74	1669	1.7	1	1478 191
75	1107	1.7	1	923 184
76	506	1.7	1	358 148
77	696	1.7	1	516 180
78	993	1.7	1	759 234
79	981	1.7	1	777 204
80	1014	1.7	1	795 219
81	956	1.7	1	717 239
82	875	1.7	1	686 189
83	847	1.7	1	644 203
84	865	1.7	1	615 250
85	779	1.7	1	594 185
86	680	1.7	1	494 186
87	746	1.7	1	518 228
88	781	1.7	1	555 226
89	671	1.7	1	457 214
90	610	1.7	1	436 174
91	567	1.7	1	393 174
92	577	1.7	1	383 194
93	572	1.7	1	366 206
94	556	1.7	1	358 198
95	493	1.7	1	330 163
96	438	1.7	1	307 131
97	488	1.7	1	309 179
98	580	1.7	1	331 249
99	451	1.7	1	279 172
100	445	1.7	1	266 179
101	451	1.7	1	260 191
102	379	1.7	1	231 148
103	469	1.7	1	208 261
104	478	1.7	1	209 269
105	350	1.7	1	191 159
106	340	1.7	1	168 172
107	306	1.7	1	185 121
108	345	1.7	1	172 173
109	311	1.7	1	180 131
110	320	1.7	1	167 153
111	268	1.7	1	146 122
112	260	1.7	1	132 128
113	263	1.7	1	125 138
114	325	1.7	1	156 169
115	228	1.7	1	117 111
116	247	1.7	1	119 128
117	242	1.7	1	125 117
118	250	1.7	1	123 127
119	215	1.7	1	103 112
120	239	1.7	1	121 118
121	268	1.7	1	121 147
122	187	1.7	1	82 105
123	221	1.7	1	63 158
124	219	1.7	1	72 147
125	222	1.7	1	74 148
126	184	1.7	1	57 127
127	170	1.7	1	45 125
128	184	1.7	1	51 133
129	132	1.7	1	42 90
130	203	1.7	1	22 181
131	110	1.7	1	20 90
132	140	1.7	1	22 118
133	116	1.7	1	14 102
134	85	1.7	1	20 65
135	133	1.7	1	12 121
136	98	1.7	1	8 90
137	113	1.7	1	9 104
138	85	1.7	1	9 76
139	63	1.7	1	6 57
140	46	1.7	1	11 35
141	83	1.7	1	3 80
142	90	1.7	1	7 83
143	46	1.7	1	3 43
144	24	1.7	1	0 24
145	46	1.7	1	3 43
146	36	1.7	1	1 35
147	116	1.7	1	1 115
148	46	1.7	1	0 46
149	93	1.7	1	0 93
150	69	1.7	1	1 68

RUN STATISTICS FOR INPUT FILE: /srv/scratch/voineagu/PROJECTS/NMD_data/FMR1/195_L3_2.fq.gz
=============================================
111955907 sequences processed in total

Total number of sequences analysed for the sequence pair length validation: 111955907

Number of sequence pairs removed because at least one read was shorter than the length cutoff (20 bp): 37289 (0.03%)
