
SUMMARISING RUN PARAMETERS
==========================
Input filename: /srv/scratch/voineagu/PROJECTS/NMD_data/FMR1/196_L3_1.fq.gz
Trimming mode: paired-end
Trim Galore version: 0.6.10
Cutadapt version: 4.4
Python version: 3.11.2
Number of cores used for trimming: 12
Quality Phred score cutoff: 20
Quality encoding type selected: ASCII+33
Using Illumina adapter for trimming (count: 13774). Second best hit was smallRNA (count: 19)
Adapter sequence: 'AGATCGGAAGAGC' (Illumina TruSeq, Sanger iPCR; auto-detected)
Maximum trimming error rate: 0.1 (default)
Minimum required adapter overlap (stringency): 6 bp
Minimum required sequence length for both reads before a sequence pair gets removed: 20 bp
Running FastQC on the data once trimming has completed
Running FastQC with the following extra arguments: -t 8
Output file will be GZIP compressed


This is cutadapt 4.4 with Python 3.11.2
Command line parameters: -j 12 -e 0.1 -q 20 -O 6 -a AGATCGGAAGAGC /srv/scratch/voineagu/PROJECTS/NMD_data/FMR1/196_L3_1.fq.gz
Processing single-end reads on 12 cores ...
Finished in 502.063 s (4.389 µs/read; 13.67 M reads/minute).

=== Summary ===

Total reads processed:             114,398,612
Reads with adapters:                 1,867,617 (1.6%)
Reads written (passing filters):   114,398,612 (100.0%)

Total basepairs processed: 17,159,791,800 bp
Quality-trimmed:              14,521,445 bp (0.1%)
Total written (filtered):  17,097,688,928 bp (99.6%)

=== Adapter 1 ===

Sequence: AGATCGGAAGAGC; Type: regular 3'; Length: 13; Trimmed: 1867617 times

Minimum overlap: 6
No. of allowed errors:
1-9 bp: 0; 10-13 bp: 1

Bases preceding removed adapters:
  A: 9.3%
  C: 39.9%
  G: 33.8%
  T: 17.0%
  none/other: 0.0%

Overview of removed sequences
length	count	expect	max.err	error counts
6	72230	27929.3	0	72230
7	67807	6982.3	0	67807
8	69731	1745.6	0	69731
9	61037	436.4	0	59714 1323
10	62413	109.1	1	58512 3901
11	62786	27.3	1	58835 3951
12	61545	6.8	1	58501 3044
13	56335	1.7	1	53694 2641
14	57093	1.7	1	54294 2799
15	55144	1.7	1	52620 2524
16	53429	1.7	1	50536 2893
17	55285	1.7	1	52203 3082
18	49845	1.7	1	47901 1944
19	44550	1.7	1	42848 1702
20	47922	1.7	1	45798 2124
21	46630	1.7	1	44680 1950
22	44102	1.7	1	42428 1674
23	43880	1.7	1	41957 1923
24	42612	1.7	1	40573 2039
25	39571	1.7	1	37981 1590
26	38867	1.7	1	37456 1411
27	38759	1.7	1	37270 1489
28	35793	1.7	1	34436 1357
29	36210	1.7	1	34644 1566
30	33876	1.7	1	32720 1156
31	31129	1.7	1	30006 1123
32	31710	1.7	1	30583 1127
33	30558	1.7	1	29322 1236
34	29406	1.7	1	28321 1085
35	30181	1.7	1	29100 1081
36	24013	1.7	1	23078 935
37	27998	1.7	1	26726 1272
38	22054	1.7	1	21420 634
39	24145	1.7	1	23206 939
40	22735	1.7	1	21990 745
41	21608	1.7	1	20591 1017
42	20359	1.7	1	19644 715
43	21346	1.7	1	20232 1114
44	17593	1.7	1	16889 704
45	26255	1.7	1	25475 780
46	6736	1.7	1	6406 330
47	13871	1.7	1	13376 495
48	18400	1.7	1	17690 710
49	14102	1.7	1	13570 532
50	8771	1.7	1	8391 380
51	14773	1.7	1	14231 542
52	10493	1.7	1	10085 408
53	7263	1.7	1	6978 285
54	9683	1.7	1	9224 459
55	12635	1.7	1	12198 437
56	7719	1.7	1	7428 291
57	8816	1.7	1	8499 317
58	6632	1.7	1	6386 246
59	7340	1.7	1	7113 227
60	3144	1.7	1	2983 161
61	2890	1.7	1	2728 162
62	7039	1.7	1	6802 237
63	4366	1.7	1	4214 152
64	2644	1.7	1	2539 105
65	2647	1.7	1	2493 154
66	7265	1.7	1	7071 194
67	1809	1.7	1	1676 133
68	2378	1.7	1	2273 105
69	790	1.7	1	729 61
70	585	1.7	1	510 75
71	231	1.7	1	167 64
72	512	1.7	1	450 62
73	989	1.7	1	849 140
74	1254	1.7	1	1130 124
75	1286	1.7	1	1163 123
76	1137	1.7	1	1041 96
77	1216	1.7	1	1085 131
78	1038	1.7	1	928 110
79	1030	1.7	1	906 124
80	965	1.7	1	865 100
81	852	1.7	1	753 99
82	790	1.7	1	683 107
83	725	1.7	1	628 97
84	663	1.7	1	566 97
85	633	1.7	1	518 115
86	654	1.7	1	534 120
87	644	1.7	1	556 88
88	546	1.7	1	443 103
89	468	1.7	1	404 64
90	511	1.7	1	387 124
91	490	1.7	1	378 112
92	499	1.7	1	382 117
93	374	1.7	1	268 106
94	368	1.7	1	253 115
95	333	1.7	1	241 92
96	314	1.7	1	250 64
97	405	1.7	1	266 139
98	370	1.7	1	259 111
99	279	1.7	1	205 74
100	333	1.7	1	236 97
101	271	1.7	1	198 73
102	317	1.7	1	183 134
103	255	1.7	1	166 89
104	253	1.7	1	136 117
105	238	1.7	1	129 109
106	221	1.7	1	124 97
107	197	1.7	1	122 75
108	192	1.7	1	123 69
109	187	1.7	1	107 80
110	198	1.7	1	113 85
111	149	1.7	1	95 54
112	187	1.7	1	116 71
113	163	1.7	1	87 76
114	147	1.7	1	100 47
115	108	1.7	1	66 42
116	166	1.7	1	85 81
117	124	1.7	1	70 54
118	124	1.7	1	51 73
119	136	1.7	1	67 69
120	133	1.7	1	60 73
121	158	1.7	1	59 99
122	97	1.7	1	57 40
123	106	1.7	1	55 51
124	144	1.7	1	34 110
125	74	1.7	1	41 33
126	61	1.7	1	32 29
127	88	1.7	1	42 46
128	92	1.7	1	40 52
129	72	1.7	1	41 31
130	61	1.7	1	21 40
131	98	1.7	1	22 76
132	83	1.7	1	26 57
133	95	1.7	1	22 73
134	79	1.7	1	18 61
135	83	1.7	1	12 71
136	79	1.7	1	11 68
137	52	1.7	1	8 44
138	69	1.7	1	9 60
139	57	1.7	1	9 48
140	45	1.7	1	2 43
141	77	1.7	1	1 76
142	47	1.7	1	3 44
143	28	1.7	1	5 23
144	40	1.7	1	0 40
145	17	1.7	1	2 15
146	26	1.7	1	0 26
147	54	1.7	1	5 49
148	18	1.7	1	0 18
149	25	1.7	1	0 25
150	584	1.7	1	0 584

RUN STATISTICS FOR INPUT FILE: /srv/scratch/voineagu/PROJECTS/NMD_data/FMR1/196_L3_1.fq.gz
=============================================
114398612 sequences processed in total

