
SUMMARISING RUN PARAMETERS
==========================
Input filename: /srv/scratch/voineagu/PROJECTS/NMD_data/FMR1/197_L3_1.fq.gz
Trimming mode: paired-end
Trim Galore version: 0.6.10
Cutadapt version: 4.4
Python version: 3.11.2
Number of cores used for trimming: 12
Quality Phred score cutoff: 20
Quality encoding type selected: ASCII+33
Using Illumina adapter for trimming (count: 12139). Second best hit was smallRNA (count: 13)
Adapter sequence: 'AGATCGGAAGAGC' (Illumina TruSeq, Sanger iPCR; auto-detected)
Maximum trimming error rate: 0.1 (default)
Minimum required adapter overlap (stringency): 6 bp
Minimum required sequence length for both reads before a sequence pair gets removed: 20 bp
Running FastQC on the data once trimming has completed
Running FastQC with the following extra arguments: -t 8
Output file will be GZIP compressed


This is cutadapt 4.4 with Python 3.11.2
Command line parameters: -j 12 -e 0.1 -q 20 -O 6 -a AGATCGGAAGAGC /srv/scratch/voineagu/PROJECTS/NMD_data/FMR1/197_L3_1.fq.gz
Processing single-end reads on 12 cores ...
Finished in 703.257 s (5.092 µs/read; 11.78 M reads/minute).

=== Summary ===

Total reads processed:             138,116,773
Reads with adapters:                 2,030,593 (1.5%)
Reads written (passing filters):   138,116,773 (100.0%)

Total basepairs processed: 20,717,515,950 bp
Quality-trimmed:              19,003,592 bp (0.1%)
Total written (filtered):  20,647,363,428 bp (99.7%)

=== Adapter 1 ===

Sequence: AGATCGGAAGAGC; Type: regular 3'; Length: 13; Trimmed: 2030593 times

Minimum overlap: 6
No. of allowed errors:
1-9 bp: 0; 10-13 bp: 1

Bases preceding removed adapters:
  A: 9.0%
  C: 40.6%
  G: 32.7%
  T: 17.6%
  none/other: 0.0%

Overview of removed sequences
length	count	expect	max.err	error counts
6	80322	33719.9	0	80322
7	74772	8430.0	0	74772
8	78167	2107.5	0	78167
9	66548	526.9	0	65049 1499
10	68800	131.7	1	64114 4686
11	69083	32.9	1	64507 4576
12	67991	8.2	1	64548 3443
13	62429	2.1	1	59227 3202
14	62681	2.1	1	59357 3324
15	60665	2.1	1	57747 2918
16	57786	2.1	1	54632 3154
17	59931	2.1	1	56445 3486
18	55457	2.1	1	53064 2393
19	48073	2.1	1	46043 2030
20	51994	2.1	1	49571 2423
21	49910	2.1	1	47901 2009
22	47802	2.1	1	45777 2025
23	47651	2.1	1	45453 2198
24	45558	2.1	1	43210 2348
25	43948	2.1	1	42025 1923
26	41545	2.1	1	39951 1594
27	42657	2.1	1	40876 1781
28	38917	2.1	1	37206 1711
29	37977	2.1	1	36235 1742
30	36636	2.1	1	35300 1336
31	33537	2.1	1	32203 1334
32	35279	2.1	1	33898 1381
33	32437	2.1	1	31035 1402
34	34057	2.1	1	32493 1564
35	28562	2.1	1	27560 1002
36	28340	2.1	1	27362 978
37	27237	2.1	1	26156 1081
38	26057	2.1	1	24951 1106
39	25359	2.1	1	24238 1121
40	24182	2.1	1	23126 1056
41	21319	2.1	1	20462 857
42	23119	2.1	1	22115 1004
43	23616	2.1	1	22611 1005
44	19999	2.1	1	18841 1158
45	35503	2.1	1	34479 1024
46	7460	2.1	1	7003 457
47	12932	2.1	1	12345 587
48	36012	2.1	1	34961 1051
49	12603	2.1	1	12042 561
50	4299	2.1	1	3938 361
51	18081	2.1	1	17473 608
52	13050	2.1	1	12596 454
53	3757	2.1	1	3510 247
54	10183	2.1	1	9649 534
55	18683	2.1	1	18230 453
56	7118	2.1	1	6873 245
57	5520	2.1	1	5279 241
58	3812	2.1	1	3570 242
59	6906	2.1	1	6641 265
60	1372	2.1	1	1238 134
61	1908	2.1	1	1762 146
62	7145	2.1	1	6910 235
63	2227	2.1	1	2074 153
64	1353	2.1	1	1222 131
65	2250	2.1	1	2096 154
66	5823	2.1	1	5623 200
67	684	2.1	1	564 120
68	1223	2.1	1	1128 95
69	745	2.1	1	665 80
70	616	2.1	1	524 92
71	220	2.1	1	112 108
72	412	2.1	1	326 86
73	981	2.1	1	795 186
74	1234	2.1	1	1093 141
75	1336	2.1	1	1210 126
76	1297	2.1	1	1184 113
77	1198	2.1	1	1059 139
78	1151	2.1	1	1037 114
79	1079	2.1	1	940 139
80	962	2.1	1	848 114
81	874	2.1	1	761 113
82	906	2.1	1	763 143
83	725	2.1	1	605 120
84	757	2.1	1	617 140
85	717	2.1	1	583 134
86	690	2.1	1	546 144
87	648	2.1	1	553 95
88	619	2.1	1	476 143
89	565	2.1	1	448 117
90	563	2.1	1	439 124
91	473	2.1	1	357 116
92	531	2.1	1	358 173
93	400	2.1	1	294 106
94	452	2.1	1	296 156
95	476	2.1	1	309 167
96	340	2.1	1	236 104
97	392	2.1	1	252 140
98	325	2.1	1	236 89
99	378	2.1	1	265 113
100	367	2.1	1	255 112
101	287	2.1	1	196 91
102	347	2.1	1	174 173
103	264	2.1	1	161 103
104	286	2.1	1	154 132
105	263	2.1	1	146 117
106	253	2.1	1	144 109
107	275	2.1	1	152 123
108	239	2.1	1	123 116
109	233	2.1	1	138 95
110	255	2.1	1	133 122
111	173	2.1	1	107 66
112	200	2.1	1	120 80
113	201	2.1	1	121 80
114	189	2.1	1	101 88
115	177	2.1	1	111 66
116	204	2.1	1	92 112
117	161	2.1	1	81 80
118	164	2.1	1	76 88
119	181	2.1	1	81 100
120	147	2.1	1	66 81
121	204	2.1	1	77 127
122	162	2.1	1	72 90
123	132	2.1	1	72 60
124	194	2.1	1	66 128
125	153	2.1	1	71 82
126	112	2.1	1	66 46
127	126	2.1	1	50 76
128	120	2.1	1	58 62
129	117	2.1	1	58 59
130	94	2.1	1	35 59
131	149	2.1	1	32 117
132	72	2.1	1	24 48
133	142	2.1	1	21 121
134	155	2.1	1	29 126
135	76	2.1	1	18 58
136	86	2.1	1	16 70
137	66	2.1	1	6 60
138	113	2.1	1	8 105
139	83	2.1	1	8 75
140	71	2.1	1	6 65
141	80	2.1	1	3 77
142	41	2.1	1	2 39
143	24	2.1	1	3 21
144	53	2.1	1	3 50
145	24	2.1	1	0 24
146	52	2.1	1	0 52
147	35	2.1	1	2 33
148	34	2.1	1	0 34
149	38	2.1	1	1 37
150	553	2.1	1	0 553

RUN STATISTICS FOR INPUT FILE: /srv/scratch/voineagu/PROJECTS/NMD_data/FMR1/197_L3_1.fq.gz
=============================================
138116773 sequences processed in total

