
SUMMARISING RUN PARAMETERS
==========================
Input filename: /srv/scratch/voineagu/PROJECTS/NMD_data/FMR1/197_L3_2.fq.gz
Trimming mode: paired-end
Trim Galore version: 0.6.10
Cutadapt version: 4.4
Python version: 3.11.2
Number of cores used for trimming: 12
Quality Phred score cutoff: 20
Quality encoding type selected: ASCII+33
Using Illumina adapter for trimming (count: 12139). Second best hit was smallRNA (count: 13)
Adapter sequence: 'AGATCGGAAGAGC' (Illumina TruSeq, Sanger iPCR; auto-detected)
Maximum trimming error rate: 0.1 (default)
Minimum required adapter overlap (stringency): 6 bp
Minimum required sequence length for both reads before a sequence pair gets removed: 20 bp
Running FastQC on the data once trimming has completed
Running FastQC with the following extra arguments: -t 8
Output file will be GZIP compressed


This is cutadapt 4.4 with Python 3.11.2
Command line parameters: -j 12 -e 0.1 -q 20 -O 6 -a AGATCGGAAGAGC /srv/scratch/voineagu/PROJECTS/NMD_data/FMR1/197_L3_2.fq.gz
Processing single-end reads on 12 cores ...
Finished in 691.258 s (5.005 µs/read; 11.99 M reads/minute).

=== Summary ===

Total reads processed:             138,116,773
Reads with adapters:                 2,093,584 (1.5%)
Reads written (passing filters):   138,116,773 (100.0%)

Total basepairs processed: 20,717,515,950 bp
Quality-trimmed:              34,939,360 bp (0.2%)
Total written (filtered):  20,628,900,795 bp (99.6%)

=== Adapter 1 ===

Sequence: AGATCGGAAGAGC; Type: regular 3'; Length: 13; Trimmed: 2093584 times

Minimum overlap: 6
No. of allowed errors:
1-9 bp: 0; 10-13 bp: 1

Bases preceding removed adapters:
  A: 7.7%
  C: 44.9%
  G: 34.2%
  T: 13.2%
  none/other: 0.0%

Overview of removed sequences
length	count	expect	max.err	error counts
6	92650	33719.9	0	92650
7	87616	8430.0	0	87616
8	83042	2107.5	0	83042
9	61363	526.9	0	57965 3398
10	75312	131.7	1	65657 9655
11	68262	32.9	1	61801 6461
12	69211	8.2	1	64651 4560
13	62815	2.1	1	59202 3613
14	68538	2.1	1	63837 4701
15	55410	2.1	1	52483 2927
16	57954	2.1	1	54453 3501
17	67219	2.1	1	63159 4060
18	43572	2.1	1	41356 2216
19	56661	2.1	1	53432 3229
20	54702	2.1	1	51663 3039
21	46421	2.1	1	44080 2341
22	46727	2.1	1	44275 2452
23	46133	2.1	1	43712 2421
24	56374	2.1	1	52879 3495
25	47054	2.1	1	44568 2486
26	37652	2.1	1	35902 1750
27	36941	2.1	1	35032 1909
28	40710	2.1	1	38719 1991
29	35008	2.1	1	33312 1696
30	39663	2.1	1	37726 1937
31	31818	2.1	1	30416 1402
32	36773	2.1	1	34959 1814
33	34352	2.1	1	32804 1548
34	29931	2.1	1	28489 1442
35	35899	2.1	1	34313 1586
36	26463	2.1	1	25385 1078
37	31578	2.1	1	30287 1291
38	19282	2.1	1	18450 832
39	27769	2.1	1	26355 1414
40	20099	2.1	1	19354 745
41	22499	2.1	1	21411 1088
42	23821	2.1	1	22656 1165
43	18918	2.1	1	18073 845
44	21098	2.1	1	19982 1116
45	19318	2.1	1	18410 908
46	18954	2.1	1	18049 905
47	16279	2.1	1	15525 754
48	14161	2.1	1	13374 787
49	16268	2.1	1	15502 766
50	11822	2.1	1	11156 666
51	12871	2.1	1	12292 579
52	10940	2.1	1	10342 598
53	10811	2.1	1	10271 540
54	11381	2.1	1	10780 601
55	8280	2.1	1	7887 393
56	9141	2.1	1	8696 445
57	10981	2.1	1	10324 657
58	6006	2.1	1	5598 408
59	5996	2.1	1	5606 390
60	7496	2.1	1	6990 506
61	5054	2.1	1	4668 386
62	5188	2.1	1	4784 404
63	9293	2.1	1	8706 587
64	3723	2.1	1	3260 463
65	2807	2.1	1	2560 247
66	3335	2.1	1	3048 287
67	3629	2.1	1	3327 302
68	3267	2.1	1	2919 348
69	2624	2.1	1	2369 255
70	3073	2.1	1	2749 324
71	2332	2.1	1	2110 222
72	2465	2.1	1	2084 381
73	3288	2.1	1	2972 316
74	2067	2.1	1	1807 260
75	1361	2.1	1	1122 239
76	547	2.1	1	392 155
77	758	2.1	1	573 185
78	1082	2.1	1	846 236
79	1053	2.1	1	866 187
80	1131	2.1	1	869 262
81	1121	2.1	1	827 294
82	1101	2.1	1	872 229
83	1029	2.1	1	763 266
84	1044	2.1	1	756 288
85	911	2.1	1	682 229
86	855	2.1	1	655 200
87	924	2.1	1	702 222
88	856	2.1	1	611 245
89	785	2.1	1	554 231
90	782	2.1	1	599 183
91	719	2.1	1	494 225
92	726	2.1	1	503 223
93	631	2.1	1	446 185
94	641	2.1	1	437 204
95	613	2.1	1	420 193
96	514	2.1	1	349 165
97	555	2.1	1	353 202
98	696	2.1	1	387 309
99	625	2.1	1	372 253
100	559	2.1	1	368 191
101	519	2.1	1	287 232
102	465	2.1	1	260 205
103	549	2.1	1	280 269
104	486	2.1	1	229 257
105	412	2.1	1	235 177
106	430	2.1	1	244 186
107	396	2.1	1	254 142
108	371	2.1	1	206 165
109	378	2.1	1	226 152
110	414	2.1	1	238 176
111	335	2.1	1	184 151
112	370	2.1	1	189 181
113	355	2.1	1	185 170
114	345	2.1	1	196 149
115	273	2.1	1	150 123
116	287	2.1	1	161 126
117	288	2.1	1	156 132
118	276	2.1	1	121 155
119	264	2.1	1	136 128
120	233	2.1	1	119 114
121	274	2.1	1	120 154
122	268	2.1	1	118 150
123	226	2.1	1	111 115
124	275	2.1	1	111 164
125	257	2.1	1	109 148
126	243	2.1	1	99 144
127	220	2.1	1	86 134
128	224	2.1	1	72 152
129	201	2.1	1	73 128
130	257	2.1	1	49 208
131	145	2.1	1	38 107
132	121	2.1	1	29 92
133	154	2.1	1	25 129
134	92	2.1	1	35 57
135	152	2.1	1	19 133
136	117	2.1	1	21 96
137	114	2.1	1	10 104
138	113	2.1	1	11 102
139	58	2.1	1	8 50
140	40	2.1	1	7 33
141	112	2.1	1	2 110
142	85	2.1	1	2 83
143	39	2.1	1	4 35
144	27	2.1	1	2 25
145	51	2.1	1	0 51
146	46	2.1	1	0 46
147	186	2.1	1	2 184
148	54	2.1	1	0 54
149	125	2.1	1	0 125
150	83	2.1	1	0 83

RUN STATISTICS FOR INPUT FILE: /srv/scratch/voineagu/PROJECTS/NMD_data/FMR1/197_L3_2.fq.gz
=============================================
138116773 sequences processed in total

Total number of sequences analysed for the sequence pair length validation: 138116773

Number of sequence pairs removed because at least one read was shorter than the length cutoff (20 bp): 34415 (0.02%)
