
SUMMARISING RUN PARAMETERS
==========================
Input filename: /srv/scratch/voineagu/PROJECTS/NMD_data/FMR1/198_L3_1.fq.gz
Trimming mode: paired-end
Trim Galore version: 0.6.10
Cutadapt version: 4.4
Python version: 3.11.2
Number of cores used for trimming: 12
Quality Phred score cutoff: 20
Quality encoding type selected: ASCII+33
Using Illumina adapter for trimming (count: 14446). Second best hit was smallRNA (count: 15)
Adapter sequence: 'AGATCGGAAGAGC' (Illumina TruSeq, Sanger iPCR; auto-detected)
Maximum trimming error rate: 0.1 (default)
Minimum required adapter overlap (stringency): 6 bp
Minimum required sequence length for both reads before a sequence pair gets removed: 20 bp
Running FastQC on the data once trimming has completed
Running FastQC with the following extra arguments: -t 8
Output file will be GZIP compressed


This is cutadapt 4.4 with Python 3.11.2
Command line parameters: -j 12 -e 0.1 -q 20 -O 6 -a AGATCGGAAGAGC /srv/scratch/voineagu/PROJECTS/NMD_data/FMR1/198_L3_1.fq.gz
Processing single-end reads on 12 cores ...
Finished in 617.417 s (5.185 µs/read; 11.57 M reads/minute).

=== Summary ===

Total reads processed:             119,084,212
Reads with adapters:                 2,049,487 (1.7%)
Reads written (passing filters):   119,084,212 (100.0%)

Total basepairs processed: 17,862,631,800 bp
Quality-trimmed:              16,907,672 bp (0.1%)
Total written (filtered):  17,793,503,084 bp (99.6%)

=== Adapter 1 ===

Sequence: AGATCGGAAGAGC; Type: regular 3'; Length: 13; Trimmed: 2049487 times

Minimum overlap: 6
No. of allowed errors:
1-9 bp: 0; 10-13 bp: 1

Bases preceding removed adapters:
  A: 8.1%
  C: 44.0%
  G: 29.7%
  T: 18.2%
  none/other: 0.0%

Overview of removed sequences
length	count	expect	max.err	error counts
6	76473	29073.3	0	76473
7	72841	7268.3	0	72841
8	75348	1817.1	0	75348
9	64796	454.3	0	63413 1383
10	67286	113.6	1	62895 4391
11	67853	28.4	1	63068 4785
12	66216	7.1	1	62639 3577
13	59857	1.8	1	56577 3280
14	61782	1.8	1	58048 3734
15	59306	1.8	1	56068 3238
16	57940	1.8	1	54458 3482
17	58206	1.8	1	54478 3728
18	53505	1.8	1	50946 2559
19	48362	1.8	1	46093 2269
20	51907	1.8	1	49206 2701
21	49018	1.8	1	46512 2506
22	48130	1.8	1	45850 2280
23	47649	1.8	1	45251 2398
24	45849	1.8	1	43192 2657
25	43426	1.8	1	41384 2042
26	42283	1.8	1	40351 1932
27	43523	1.8	1	41544 1979
28	39202	1.8	1	37371 1831
29	38879	1.8	1	36890 1989
30	36509	1.8	1	35067 1442
31	34446	1.8	1	32984 1462
32	35178	1.8	1	33612 1566
33	33707	1.8	1	32150 1557
34	33605	1.8	1	31941 1664
35	31546	1.8	1	30342 1204
36	28280	1.8	1	26927 1353
37	31737	1.8	1	29896 1841
38	26867	1.8	1	25770 1097
39	24515	1.8	1	23527 988
40	24645	1.8	1	23416 1229
41	25428	1.8	1	24122 1306
42	27442	1.8	1	26257 1185
43	19509	1.8	1	18249 1260
44	22019	1.8	1	20719 1300
45	34277	1.8	1	33143 1134
46	8194	1.8	1	7567 627
47	20142	1.8	1	18493 1649
48	82562	1.8	1	80443 2119
49	41889	1.8	1	40769 1120
50	3663	1.8	1	3220 443
51	14454	1.8	1	13935 519
52	12204	1.8	1	11812 392
53	1947	1.8	1	1728 219
54	2961	1.8	1	2645 316
55	5611	1.8	1	5327 284
56	2513	1.8	1	2316 197
57	894	1.8	1	738 156
58	880	1.8	1	722 158
59	1884	1.8	1	1735 149
60	470	1.8	1	361 109
61	798	1.8	1	663 135
62	3023	1.8	1	2856 167
63	806	1.8	1	678 128
64	802	1.8	1	696 106
65	1176	1.8	1	1047 129
66	2581	1.8	1	2449 132
67	464	1.8	1	348 116
68	357	1.8	1	279 78
69	346	1.8	1	282 64
70	398	1.8	1	328 70
71	220	1.8	1	116 104
72	239	1.8	1	172 67
73	576	1.8	1	384 192
74	848	1.8	1	711 137
75	1300	1.8	1	1134 166
76	1221	1.8	1	1108 113
77	1328	1.8	1	1171 157
78	1242	1.8	1	1100 142
79	1159	1.8	1	1014 145
80	958	1.8	1	829 129
81	908	1.8	1	779 129
82	944	1.8	1	811 133
83	790	1.8	1	680 110
84	761	1.8	1	640 121
85	795	1.8	1	619 176
86	700	1.8	1	590 110
87	761	1.8	1	610 151
88	685	1.8	1	533 152
89	619	1.8	1	486 133
90	573	1.8	1	468 105
91	490	1.8	1	375 115
92	490	1.8	1	369 121
93	467	1.8	1	334 133
94	447	1.8	1	316 131
95	456	1.8	1	316 140
96	378	1.8	1	282 96
97	471	1.8	1	313 158
98	384	1.8	1	276 108
99	364	1.8	1	282 82
100	330	1.8	1	226 104
101	301	1.8	1	215 86
102	337	1.8	1	183 154
103	288	1.8	1	190 98
104	303	1.8	1	166 137
105	303	1.8	1	179 124
106	234	1.8	1	148 86
107	257	1.8	1	157 100
108	279	1.8	1	140 139
109	317	1.8	1	194 123
110	263	1.8	1	164 99
111	242	1.8	1	163 79
112	210	1.8	1	134 76
113	245	1.8	1	143 102
114	200	1.8	1	112 88
115	201	1.8	1	126 75
116	254	1.8	1	105 149
117	182	1.8	1	104 78
118	199	1.8	1	115 84
119	172	1.8	1	86 86
120	223	1.8	1	91 132
121	212	1.8	1	74 138
122	170	1.8	1	85 85
123	150	1.8	1	90 60
124	199	1.8	1	74 125
125	143	1.8	1	87 56
126	102	1.8	1	69 33
127	103	1.8	1	65 38
128	111	1.8	1	49 62
129	85	1.8	1	31 54
130	57	1.8	1	34 23
131	95	1.8	1	32 63
132	98	1.8	1	33 65
133	105	1.8	1	35 70
134	108	1.8	1	18 90
135	67	1.8	1	20 47
136	103	1.8	1	10 93
137	75	1.8	1	12 63
138	101	1.8	1	9 92
139	51	1.8	1	8 43
140	69	1.8	1	4 65
141	58	1.8	1	3 55
142	52	1.8	1	2 50
143	29	1.8	1	2 27
144	38	1.8	1	5 33
145	23	1.8	1	0 23
146	35	1.8	1	1 34
147	43	1.8	1	3 40
148	22	1.8	1	0 22
149	47	1.8	1	0 47
150	656	1.8	1	1 655

RUN STATISTICS FOR INPUT FILE: /srv/scratch/voineagu/PROJECTS/NMD_data/FMR1/198_L3_1.fq.gz
=============================================
119084212 sequences processed in total

