
SUMMARISING RUN PARAMETERS
==========================
Input filename: /srv/scratch/voineagu/PROJECTS/NMD_data/FMR1/199_L3_2.fq.gz
Trimming mode: paired-end
Trim Galore version: 0.6.10
Cutadapt version: 4.4
Python version: 3.11.2
Number of cores used for trimming: 12
Quality Phred score cutoff: 20
Quality encoding type selected: ASCII+33
Using Illumina adapter for trimming (count: 13785). Second best hit was smallRNA (count: 16)
Adapter sequence: 'AGATCGGAAGAGC' (Illumina TruSeq, Sanger iPCR; auto-detected)
Maximum trimming error rate: 0.1 (default)
Minimum required adapter overlap (stringency): 6 bp
Minimum required sequence length for both reads before a sequence pair gets removed: 20 bp
Running FastQC on the data once trimming has completed
Running FastQC with the following extra arguments: -t 8
Output file will be GZIP compressed


This is cutadapt 4.4 with Python 3.11.2
Command line parameters: -j 12 -e 0.1 -q 20 -O 6 -a AGATCGGAAGAGC /srv/scratch/voineagu/PROJECTS/NMD_data/FMR1/199_L3_2.fq.gz
Processing single-end reads on 12 cores ...
Finished in 735.408 s (5.011 µs/read; 11.97 M reads/minute).

=== Summary ===

Total reads processed:             146,756,901
Reads with adapters:                 2,482,401 (1.7%)
Reads written (passing filters):   146,756,901 (100.0%)

Total basepairs processed: 22,013,535,150 bp
Quality-trimmed:              43,325,266 bp (0.2%)
Total written (filtered):  21,904,899,308 bp (99.5%)

=== Adapter 1 ===

Sequence: AGATCGGAAGAGC; Type: regular 3'; Length: 13; Trimmed: 2482401 times

Minimum overlap: 6
No. of allowed errors:
1-9 bp: 0; 10-13 bp: 1

Bases preceding removed adapters:
  A: 6.9%
  C: 48.6%
  G: 31.4%
  T: 13.1%
  none/other: 0.0%

Overview of removed sequences
length	count	expect	max.err	error counts
6	102116	35829.3	0	102116
7	99134	8957.3	0	99134
8	94430	2239.3	0	94430
9	68894	559.8	0	65249 3645
10	85963	140.0	1	74932 11031
11	78040	35.0	1	70645 7395
12	78978	8.7	1	73630 5348
13	71326	2.2	1	66966 4360
14	78286	2.2	1	72583 5703
15	63759	2.2	1	60046 3713
16	67200	2.2	1	62868 4332
17	76405	2.2	1	71560 4845
18	51282	2.2	1	48600 2682
19	65444	2.2	1	61480 3964
20	64716	2.2	1	60888 3828
21	53489	2.2	1	50493 2996
22	54633	2.2	1	51579 3054
23	55152	2.2	1	52113 3039
24	67291	2.2	1	62930 4361
25	54865	2.2	1	51856 3009
26	45438	2.2	1	43087 2351
27	43350	2.2	1	40975 2375
28	49578	2.2	1	46979 2599
29	42309	2.2	1	40029 2280
30	46982	2.2	1	44695 2287
31	38663	2.2	1	36981 1682
32	43399	2.2	1	41280 2119
33	41897	2.2	1	39859 2038
34	37358	2.2	1	35523 1835
35	44597	2.2	1	42537 2060
36	33194	2.2	1	31889 1305
37	37380	2.2	1	35799 1581
38	24955	2.2	1	23819 1136
39	34759	2.2	1	32941 1818
40	24793	2.2	1	23867 926
41	28383	2.2	1	27007 1376
42	29647	2.2	1	28240 1407
43	23665	2.2	1	22613 1052
44	25754	2.2	1	24504 1250
45	24550	2.2	1	23380 1170
46	24693	2.2	1	23579 1114
47	19641	2.2	1	18725 916
48	18603	2.2	1	17637 966
49	21480	2.2	1	20482 998
50	14954	2.2	1	14136 818
51	17117	2.2	1	16309 808
52	14076	2.2	1	13326 750
53	14185	2.2	1	13506 679
54	15406	2.2	1	14653 753
55	10457	2.2	1	10001 456
56	11860	2.2	1	11259 601
57	14309	2.2	1	13546 763
58	7799	2.2	1	7344 455
59	7917	2.2	1	7497 420
60	9841	2.2	1	9276 565
61	6787	2.2	1	6373 414
62	6724	2.2	1	6257 467
63	11716	2.2	1	11040 676
64	4831	2.2	1	4292 539
65	3802	2.2	1	3478 324
66	4561	2.2	1	4248 313
67	4757	2.2	1	4447 310
68	4289	2.2	1	3904 385
69	3409	2.2	1	3156 253
70	4172	2.2	1	3818 354
71	3187	2.2	1	2906 281
72	3170	2.2	1	2701 469
73	4449	2.2	1	4032 417
74	2645	2.2	1	2391 254
75	1732	2.2	1	1458 274
76	692	2.2	1	490 202
77	944	2.2	1	769 175
78	1420	2.2	1	1137 283
79	1416	2.2	1	1196 220
80	1398	2.2	1	1102 296
81	1434	2.2	1	1138 296
82	1381	2.2	1	1118 263
83	1242	2.2	1	948 294
84	1243	2.2	1	938 305
85	1111	2.2	1	884 227
86	1104	2.2	1	852 252
87	1122	2.2	1	889 233
88	1046	2.2	1	742 304
89	919	2.2	1	682 237
90	816	2.2	1	635 181
91	817	2.2	1	586 231
92	877	2.2	1	604 273
93	762	2.2	1	516 246
94	802	2.2	1	521 281
95	719	2.2	1	502 217
96	590	2.2	1	415 175
97	633	2.2	1	441 192
98	815	2.2	1	500 315
99	635	2.2	1	408 227
100	639	2.2	1	410 229
101	616	2.2	1	345 271
102	568	2.2	1	334 234
103	619	2.2	1	290 329
104	583	2.2	1	275 308
105	442	2.2	1	276 166
106	466	2.2	1	236 230
107	418	2.2	1	254 164
108	469	2.2	1	252 217
109	430	2.2	1	258 172
110	404	2.2	1	195 209
111	348	2.2	1	213 135
112	387	2.2	1	202 185
113	384	2.2	1	180 204
114	357	2.2	1	174 183
115	329	2.2	1	180 149
116	271	2.2	1	129 142
117	313	2.2	1	158 155
118	261	2.2	1	129 132
119	294	2.2	1	152 142
120	257	2.2	1	143 114
121	315	2.2	1	129 186
122	276	2.2	1	103 173
123	261	2.2	1	126 135
124	288	2.2	1	84 204
125	319	2.2	1	111 208
126	223	2.2	1	88 135
127	212	2.2	1	74 138
128	210	2.2	1	68 142
129	252	2.2	1	62 190
130	276	2.2	1	37 239
131	134	2.2	1	37 97
132	197	2.2	1	25 172
133	221	2.2	1	32 189
134	102	2.2	1	17 85
135	130	2.2	1	15 115
136	161	2.2	1	12 149
137	174	2.2	1	17 157
138	131	2.2	1	15 116
139	113	2.2	1	4 109
140	69	2.2	1	3 66
141	121	2.2	1	4 117
142	153	2.2	1	3 150
143	53	2.2	1	3 50
144	35	2.2	1	1 34
145	64	2.2	1	5 59
146	64	2.2	1	2 62
147	173	2.2	1	7 166
148	88	2.2	1	5 83
149	97	2.2	1	0 97
150	73	2.2	1	3 70

RUN STATISTICS FOR INPUT FILE: /srv/scratch/voineagu/PROJECTS/NMD_data/FMR1/199_L3_2.fq.gz
=============================================
146756901 sequences processed in total

Total number of sequences analysed for the sequence pair length validation: 146756901

Number of sequence pairs removed because at least one read was shorter than the length cutoff (20 bp): 63597 (0.04%)
