
SUMMARISING RUN PARAMETERS
==========================
Input filename: /srv/scratch/voineagu/PROJECTS/NMD_data/FMR1/199_L3_1.fq.gz
Trimming mode: paired-end
Trim Galore version: 0.6.10
Cutadapt version: 4.4
Python version: 3.11.2
Number of cores used for trimming: 12
Quality Phred score cutoff: 20
Quality encoding type selected: ASCII+33
Using Illumina adapter for trimming (count: 13785). Second best hit was smallRNA (count: 16)
Adapter sequence: 'AGATCGGAAGAGC' (Illumina TruSeq, Sanger iPCR; auto-detected)
Maximum trimming error rate: 0.1 (default)
Minimum required adapter overlap (stringency): 6 bp
Minimum required sequence length for both reads before a sequence pair gets removed: 20 bp
Running FastQC on the data once trimming has completed
Running FastQC with the following extra arguments: -t 8
Output file will be GZIP compressed


This is cutadapt 4.4 with Python 3.11.2
Command line parameters: -j 12 -e 0.1 -q 20 -O 6 -a AGATCGGAAGAGC /srv/scratch/voineagu/PROJECTS/NMD_data/FMR1/199_L3_1.fq.gz
Processing single-end reads on 12 cores ...
Finished in 774.426 s (5.277 µs/read; 11.37 M reads/minute).

=== Summary ===

Total reads processed:             146,756,901
Reads with adapters:                 2,417,456 (1.6%)
Reads written (passing filters):   146,756,901 (100.0%)

Total basepairs processed: 22,013,535,150 bp
Quality-trimmed:              19,685,620 bp (0.1%)
Total written (filtered):  21,931,005,561 bp (99.6%)

=== Adapter 1 ===

Sequence: AGATCGGAAGAGC; Type: regular 3'; Length: 13; Trimmed: 2417456 times

Minimum overlap: 6
No. of allowed errors:
1-9 bp: 0; 10-13 bp: 1

Bases preceding removed adapters:
  A: 7.9%
  C: 44.0%
  G: 29.6%
  T: 18.5%
  none/other: 0.0%

Overview of removed sequences
length	count	expect	max.err	error counts
6	89601	35829.3	0	89601
7	84080	8957.3	0	84080
8	88203	2239.3	0	88203
9	76239	559.8	0	74412 1827
10	78168	140.0	1	73073 5095
11	79641	35.0	1	73929 5712
12	77946	8.7	1	73813 4133
13	71121	2.2	1	67312 3809
14	72180	2.2	1	68083 4097
15	69480	2.2	1	65873 3607
16	67436	2.2	1	63438 3998
17	69101	2.2	1	64730 4371
18	63688	2.2	1	60699 2989
19	56361	2.2	1	53823 2538
20	60787	2.2	1	57768 3019
21	57921	2.2	1	55185 2736
22	56099	2.2	1	53355 2744
23	56803	2.2	1	53961 2842
24	54641	2.2	1	51515 3126
25	51238	2.2	1	48860 2378
26	50073	2.2	1	47865 2208
27	50429	2.2	1	47990 2439
28	47904	2.2	1	45692 2212
29	45355	2.2	1	43002 2353
30	44141	2.2	1	42430 1711
31	40382	2.2	1	38629 1753
32	42727	2.2	1	40838 1889
33	38872	2.2	1	36933 1939
34	39880	2.2	1	38047 1833
35	38340	2.2	1	36173 2167
36	37037	2.2	1	35421 1616
37	40315	2.2	1	38866 1449
38	24757	2.2	1	23468 1289
39	32613	2.2	1	31055 1558
40	32860	2.2	1	31669 1191
41	23665	2.2	1	22441 1224
42	25980	2.2	1	24934 1046
43	28878	2.2	1	27446 1432
44	25188	2.2	1	23801 1387
45	37748	2.2	1	36484 1264
46	10271	2.2	1	9551 720
47	18352	2.2	1	17412 940
48	30536	2.2	1	29418 1118
49	16877	2.2	1	16161 716
50	10513	2.2	1	9839 674
51	20943	2.2	1	20090 853
52	15060	2.2	1	14462 598
53	9165	2.2	1	8686 479
54	13841	2.2	1	13007 834
55	20355	2.2	1	19675 680
56	10734	2.2	1	10244 490
57	11382	2.2	1	10909 473
58	8312	2.2	1	7880 432
59	10430	2.2	1	10060 370
60	3784	2.2	1	3569 215
61	3889	2.2	1	3608 281
62	10243	2.2	1	9891 352
63	5187	2.2	1	4985 202
64	3007	2.2	1	2792 215
65	3637	2.2	1	3355 282
66	10030	2.2	1	9769 261
67	1974	2.2	1	1779 195
68	2659	2.2	1	2490 169
69	1158	2.2	1	1049 109
70	791	2.2	1	714 77
71	330	2.2	1	233 97
72	655	2.2	1	543 112
73	1499	2.2	1	1235 264
74	1811	2.2	1	1624 187
75	1848	2.2	1	1692 156
76	1745	2.2	1	1599 146
77	1727	2.2	1	1505 222
78	1515	2.2	1	1368 147
79	1420	2.2	1	1255 165
80	1255	2.2	1	1095 160
81	1146	2.2	1	1029 117
82	1125	2.2	1	970 155
83	1005	2.2	1	886 119
84	963	2.2	1	820 143
85	885	2.2	1	736 149
86	856	2.2	1	705 151
87	865	2.2	1	706 159
88	754	2.2	1	614 140
89	674	2.2	1	550 124
90	635	2.2	1	481 154
91	600	2.2	1	469 131
92	619	2.2	1	423 196
93	478	2.2	1	372 106
94	528	2.2	1	388 140
95	569	2.2	1	362 207
96	406	2.2	1	313 93
97	502	2.2	1	325 177
98	490	2.2	1	340 150
99	407	2.2	1	294 113
100	374	2.2	1	246 128
101	342	2.2	1	246 96
102	392	2.2	1	232 160
103	308	2.2	1	212 96
104	317	2.2	1	178 139
105	294	2.2	1	173 121
106	267	2.2	1	153 114
107	254	2.2	1	161 93
108	280	2.2	1	154 126
109	265	2.2	1	172 93
110	230	2.2	1	142 88
111	198	2.2	1	122 76
112	225	2.2	1	135 90
113	222	2.2	1	92 130
114	196	2.2	1	91 105
115	172	2.2	1	118 54
116	202	2.2	1	73 129
117	148	2.2	1	95 53
118	155	2.2	1	69 86
119	185	2.2	1	81 104
120	202	2.2	1	79 123
121	226	2.2	1	83 143
122	138	2.2	1	61 77
123	143	2.2	1	73 70
124	186	2.2	1	52 134
125	137	2.2	1	69 68
126	104	2.2	1	55 49
127	77	2.2	1	51 26
128	129	2.2	1	42 87
129	104	2.2	1	49 55
130	72	2.2	1	30 42
131	133	2.2	1	29 104
132	94	2.2	1	20 74
133	124	2.2	1	27 97
134	106	2.2	1	16 90
135	89	2.2	1	15 74
136	58	2.2	1	9 49
137	90	2.2	1	15 75
138	136	2.2	1	12 124
139	90	2.2	1	3 87
140	111	2.2	1	4 107
141	89	2.2	1	4 85
142	63	2.2	1	3 60
143	76	2.2	1	0 76
144	71	2.2	1	1 70
145	44	2.2	1	3 41
146	53	2.2	1	2 51
147	53	2.2	1	7 46
148	41	2.2	1	3 38
149	46	2.2	1	0 46
150	1025	2.2	1	3 1022

RUN STATISTICS FOR INPUT FILE: /srv/scratch/voineagu/PROJECTS/NMD_data/FMR1/199_L3_1.fq.gz
=============================================
146756901 sequences processed in total

