
SUMMARISING RUN PARAMETERS
==========================
Input filename: /srv/scratch/voineagu/PROJECTS/NMD_data/FMR1/2-FD61046-LEJ5124_L2_2.fq.gz
Trimming mode: paired-end
Trim Galore version: 0.6.10
Cutadapt version: 4.4
Python version: 3.11.2
Number of cores used for trimming: 12
Quality Phred score cutoff: 20
Quality encoding type selected: ASCII+33
Using Illumina adapter for trimming (count: 118472). Second best hit was smallRNA (count: 12)
Adapter sequence: 'AGATCGGAAGAGC' (Illumina TruSeq, Sanger iPCR; auto-detected)
Maximum trimming error rate: 0.1 (default)
Minimum required adapter overlap (stringency): 6 bp
Minimum required sequence length for both reads before a sequence pair gets removed: 20 bp
Running FastQC on the data once trimming has completed
Running FastQC with the following extra arguments: -t 8
Output file will be GZIP compressed


This is cutadapt 4.4 with Python 3.11.2
Command line parameters: -j 12 -e 0.1 -q 20 -O 6 -a AGATCGGAAGAGC /srv/scratch/voineagu/PROJECTS/NMD_data/FMR1/2-FD61046-LEJ5124_L2_2.fq.gz
Processing single-end reads on 12 cores ...
Finished in 450.019 s (4.301 µs/read; 13.95 M reads/minute).

=== Summary ===

Total reads processed:             104,629,196
Reads with adapters:                15,763,619 (15.1%)
Reads written (passing filters):   104,629,196 (100.0%)

Total basepairs processed: 15,694,379,400 bp
Quality-trimmed:              47,285,716 bp (0.3%)
Total written (filtered):  15,184,859,103 bp (96.8%)

=== Adapter 1 ===

Sequence: AGATCGGAAGAGC; Type: regular 3'; Length: 13; Trimmed: 15763619 times

Minimum overlap: 6
No. of allowed errors:
1-9 bp: 0; 10-13 bp: 1

Bases preceding removed adapters:
  A: 13.7%
  C: 45.8%
  G: 30.7%
  T: 9.9%
  none/other: 0.0%

Overview of removed sequences
length	count	expect	max.err	error counts
6	455777	25544.2	0	455777
7	453230	6386.1	0	453230
8	488726	1596.5	0	488726
9	367954	399.1	0	365804 2150
10	434606	99.8	1	411804 22802
11	450366	24.9	1	424882 25484
12	462013	6.2	1	438847 23166
13	432170	1.6	1	412722 19448
14	468166	1.6	1	443286 24880
15	402704	1.6	1	385315 17389
16	407063	1.6	1	388495 18568
17	441778	1.6	1	420425 21353
18	303012	1.6	1	291450 11562
19	414120	1.6	1	394256 19864
20	312371	1.6	1	299515 12856
21	330606	1.6	1	316320 14286
22	345939	1.6	1	331909 14030
23	351370	1.6	1	336949 14421
24	381239	1.6	1	362166 19073
25	380969	1.6	1	365879 15090
26	286465	1.6	1	273740 12725
27	298577	1.6	1	285389 13188
28	280280	1.6	1	270106 10174
29	273236	1.6	1	261816 11420
30	267796	1.6	1	257022 10774
31	244257	1.6	1	235852 8405
32	263394	1.6	1	253806 9588
33	264204	1.6	1	254730 9474
34	275082	1.6	1	264454 10628
35	279276	1.6	1	268066 11210
36	236498	1.6	1	229185 7313
37	264110	1.6	1	253553 10557
38	188500	1.6	1	183134 5366
39	203442	1.6	1	196830 6612
40	175752	1.6	1	170748 5004
41	174124	1.6	1	169312 4812
42	178788	1.6	1	173488 5300
43	180587	1.6	1	175396 5191
44	182309	1.6	1	177289 5020
45	185359	1.6	1	179856 5503
46	192285	1.6	1	186562 5723
47	153546	1.6	1	149708 3838
48	151584	1.6	1	147068 4516
49	147144	1.6	1	142924 4220
50	114742	1.6	1	111877 2865
51	120543	1.6	1	117290 3253
52	110934	1.6	1	108007 2927
53	112063	1.6	1	109324 2739
54	125040	1.6	1	121592 3448
55	108277	1.6	1	105660 2617
56	115222	1.6	1	112341 2881
57	113943	1.6	1	110682 3261
58	98378	1.6	1	95685 2693
59	86981	1.6	1	85052 1929
60	83245	1.6	1	80978 2267
61	67439	1.6	1	65932 1507
62	64419	1.6	1	62731 1688
63	88907	1.6	1	86527 2380
64	55706	1.6	1	54279 1427
65	58239	1.6	1	56884 1355
66	62093	1.6	1	60688 1405
67	60525	1.6	1	59244 1281
68	61373	1.6	1	59903 1470
69	45733	1.6	1	44819 914
70	44501	1.6	1	43568 933
71	38878	1.6	1	37966 912
72	36048	1.6	1	35163 885
73	46528	1.6	1	45568 960
74	46118	1.6	1	45171 947
75	59633	1.6	1	58513 1120
76	36618	1.6	1	35859 759
77	16830	1.6	1	16341 489
78	16745	1.6	1	16233 512
79	16317	1.6	1	15852 465
80	15148	1.6	1	14732 416
81	13604	1.6	1	13237 367
82	12248	1.6	1	11913 335
83	11899	1.6	1	11571 328
84	11950	1.6	1	11608 342
85	12104	1.6	1	11743 361
86	11426	1.6	1	11077 349
87	11192	1.6	1	10884 308
88	10703	1.6	1	10387 316
89	10420	1.6	1	10161 259
90	9427	1.6	1	9154 273
91	7513	1.6	1	7258 255
92	6494	1.6	1	6275 219
93	6026	1.6	1	5773 253
94	4824	1.6	1	4577 247
95	4831	1.6	1	4651 180
96	4865	1.6	1	4679 186
97	4912	1.6	1	4698 214
98	5182	1.6	1	4923 259
99	5264	1.6	1	5007 257
100	4564	1.6	1	4381 183
101	3612	1.6	1	3470 142
102	2860	1.6	1	2710 150
103	2334	1.6	1	2148 186
104	2087	1.6	1	1910 177
105	2057	1.6	1	1891 166
106	1987	1.6	1	1847 140
107	2048	1.6	1	1917 131
108	1993	1.6	1	1865 128
109	1904	1.6	1	1777 127
110	1801	1.6	1	1653 148
111	1468	1.6	1	1356 112
112	1381	1.6	1	1253 128
113	1096	1.6	1	982 114
114	905	1.6	1	814 91
115	756	1.6	1	676 80
116	760	1.6	1	638 122
117	688	1.6	1	587 101
118	709	1.6	1	608 101
119	758	1.6	1	635 123
120	619	1.6	1	518 101
121	520	1.6	1	413 107
122	493	1.6	1	360 133
123	348	1.6	1	223 125
124	249	1.6	1	125 124
125	194	1.6	1	100 94
126	212	1.6	1	89 123
127	164	1.6	1	84 80
128	197	1.6	1	68 129
129	166	1.6	1	42 124
130	187	1.6	1	31 156
131	104	1.6	1	16 88
132	106	1.6	1	15 91
133	94	1.6	1	13 81
134	95	1.6	1	12 83
135	104	1.6	1	13 91
136	63	1.6	1	10 53
137	88	1.6	1	12 76
138	76	1.6	1	4 72
139	79	1.6	1	7 72
140	63	1.6	1	3 60
141	93	1.6	1	6 87
142	93	1.6	1	1 92
143	76	1.6	1	2 74
144	35	1.6	1	0 35
145	58	1.6	1	1 57
146	40	1.6	1	1 39
147	145	1.6	1	0 145
148	58	1.6	1	2 56
149	103	1.6	1	2 101
150	105	1.6	1	22 83

RUN STATISTICS FOR INPUT FILE: /srv/scratch/voineagu/PROJECTS/NMD_data/FMR1/2-FD61046-LEJ5124_L2_2.fq.gz
=============================================
104629196 sequences processed in total

Total number of sequences analysed for the sequence pair length validation: 104629196

Number of sequence pairs removed because at least one read was shorter than the length cutoff (20 bp): 118692 (0.11%)
