
SUMMARISING RUN PARAMETERS
==========================
Input filename: /srv/scratch/voineagu/PROJECTS/NMD_data/FMR1/2-FD61046-LEJ5124_L2_1.fq.gz
Trimming mode: paired-end
Trim Galore version: 0.6.10
Cutadapt version: 4.4
Python version: 3.11.2
Number of cores used for trimming: 12
Quality Phred score cutoff: 20
Quality encoding type selected: ASCII+33
Using Illumina adapter for trimming (count: 118472). Second best hit was smallRNA (count: 12)
Adapter sequence: 'AGATCGGAAGAGC' (Illumina TruSeq, Sanger iPCR; auto-detected)
Maximum trimming error rate: 0.1 (default)
Minimum required adapter overlap (stringency): 6 bp
Minimum required sequence length for both reads before a sequence pair gets removed: 20 bp
Running FastQC on the data once trimming has completed
Running FastQC with the following extra arguments: -t 8
Output file will be GZIP compressed


This is cutadapt 4.4 with Python 3.11.2
Command line parameters: -j 12 -e 0.1 -q 20 -O 6 -a AGATCGGAAGAGC /srv/scratch/voineagu/PROJECTS/NMD_data/FMR1/2-FD61046-LEJ5124_L2_1.fq.gz
Processing single-end reads on 12 cores ...
Finished in 445.267 s (4.256 µs/read; 14.10 M reads/minute).

=== Summary ===

Total reads processed:             104,629,196
Reads with adapters:                15,908,453 (15.2%)
Reads written (passing filters):   104,629,196 (100.0%)

Total basepairs processed: 15,694,379,400 bp
Quality-trimmed:              28,262,880 bp (0.2%)
Total written (filtered):  15,202,803,664 bp (96.9%)

=== Adapter 1 ===

Sequence: AGATCGGAAGAGC; Type: regular 3'; Length: 13; Trimmed: 15908453 times

Minimum overlap: 6
No. of allowed errors:
1-9 bp: 0; 10-13 bp: 1

Bases preceding removed adapters:
  A: 14.0%
  C: 35.5%
  G: 28.3%
  T: 21.9%
  none/other: 0.3%

Overview of removed sequences
length	count	expect	max.err	error counts
6	439462	25544.2	0	439462
7	433728	6386.1	0	433728
8	450026	1596.5	0	450026
9	407700	399.1	0	406698 1002
10	424472	99.8	1	401772 22700
11	463580	24.9	1	431316 32264
12	452580	6.2	1	425653 26927
13	436731	1.6	1	410487 26244
14	452562	1.6	1	422647 29915
15	428773	1.6	1	402618 26155
16	419503	1.6	1	390006 29497
17	414579	1.6	1	384664 29915
18	365211	1.6	1	345170 20041
19	335655	1.6	1	318359 17296
20	353863	1.6	1	333070 20793
21	351197	1.6	1	330930 20267
22	350564	1.6	1	331354 19210
23	366103	1.6	1	344729 21374
24	368823	1.6	1	343774 25049
25	346169	1.6	1	325799 20370
26	326405	1.6	1	308927 17478
27	316783	1.6	1	298977 17806
28	287427	1.6	1	270507 16920
29	280155	1.6	1	261489 18666
30	257823	1.6	1	244145 13678
31	251871	1.6	1	238470 13401
32	263785	1.6	1	249278 14507
33	269484	1.6	1	252962 16522
34	283314	1.6	1	265410 17904
35	257772	1.6	1	244260 13512
36	244462	1.6	1	231961 12501
37	242862	1.6	1	227202 15660
38	220659	1.6	1	208229 12430
39	194183	1.6	1	183486 10697
40	187222	1.6	1	176590 10632
41	183669	1.6	1	173048 10621
42	203566	1.6	1	189174 14392
43	216369	1.6	1	202344 14025
44	202726	1.6	1	189539 13187
45	450691	1.6	1	429394 21297
46	93620	1.6	1	86279 7341
47	140302	1.6	1	132900 7402
48	521226	1.6	1	499186 22040
49	170058	1.6	1	160029 10029
50	42975	1.6	1	39735 3240
51	180909	1.6	1	172581 8328
52	157196	1.6	1	150192 7004
53	31091	1.6	1	28885 2206
54	103442	1.6	1	98671 4771
55	207677	1.6	1	200186 7491
56	84057	1.6	1	80145 3912
57	40634	1.6	1	38443 2191
58	31006	1.6	1	29295 1711
59	73563	1.6	1	70291 3272
60	10780	1.6	1	9844 936
61	17942	1.6	1	16848 1094
62	82004	1.6	1	78680 3324
63	20580	1.6	1	19264 1316
64	17754	1.6	1	16643 1111
65	30709	1.6	1	29102 1607
66	82739	1.6	1	79431 3308
67	10533	1.6	1	9647 886
68	21461	1.6	1	20264 1197
69	18673	1.6	1	17532 1141
70	16394	1.6	1	15370 1024
71	4296	1.6	1	3869 427
72	9056	1.6	1	8551 505
73	18414	1.6	1	17570 844
74	24895	1.6	1	23778 1117
75	28415	1.6	1	27116 1299
76	29503	1.6	1	28241 1262
77	29567	1.6	1	28207 1360
78	28243	1.6	1	26922 1321
79	25171	1.6	1	23969 1202
80	21935	1.6	1	20820 1115
81	18563	1.6	1	17691 872
82	16206	1.6	1	15369 837
83	14422	1.6	1	13636 786
84	13876	1.6	1	13187 689
85	13566	1.6	1	12880 686
86	13564	1.6	1	12876 688
87	13431	1.6	1	12752 679
88	13131	1.6	1	12532 599
89	12112	1.6	1	11479 633
90	10365	1.6	1	9842 523
91	8743	1.6	1	8280 463
92	7130	1.6	1	6777 353
93	6393	1.6	1	6090 303
94	5709	1.6	1	5427 282
95	5360	1.6	1	5067 293
96	5479	1.6	1	5202 277
97	5477	1.6	1	5157 320
98	5310	1.6	1	5046 264
99	5072	1.6	1	4817 255
100	4364	1.6	1	4116 248
101	3806	1.6	1	3598 208
102	3213	1.6	1	3037 176
103	2613	1.6	1	2466 147
104	2312	1.6	1	2155 157
105	2117	1.6	1	1990 127
106	2089	1.6	1	1969 120
107	2084	1.6	1	1951 133
108	2052	1.6	1	1919 133
109	1978	1.6	1	1881 97
110	1832	1.6	1	1733 99
111	1535	1.6	1	1441 94
112	1314	1.6	1	1234 80
113	1048	1.6	1	965 83
114	905	1.6	1	841 64
115	762	1.6	1	694 68
116	748	1.6	1	649 99
117	680	1.6	1	617 63
118	692	1.6	1	597 95
119	732	1.6	1	646 86
120	632	1.6	1	517 115
121	501	1.6	1	394 107
122	449	1.6	1	371 78
123	280	1.6	1	220 60
124	185	1.6	1	121 64
125	147	1.6	1	86 61
126	115	1.6	1	82 33
127	129	1.6	1	82 47
128	147	1.6	1	70 77
129	118	1.6	1	46 72
130	76	1.6	1	26 50
131	106	1.6	1	17 89
132	83	1.6	1	15 68
133	131	1.6	1	12 119
134	72	1.6	1	14 58
135	59	1.6	1	12 47
136	37	1.6	1	10 27
137	39	1.6	1	13 26
138	32	1.6	1	6 26
139	39	1.6	1	5 34
140	43	1.6	1	4 39
141	66	1.6	1	6 60
142	65	1.6	1	3 62
143	25	1.6	1	5 20
144	20	1.6	1	0 20
145	24	1.6	1	2 22
146	25	1.6	1	1 24
147	43	1.6	1	2 41
148	40	1.6	1	1 39
149	297	1.6	1	1 296
150	44314	1.6	1	20 44294

RUN STATISTICS FOR INPUT FILE: /srv/scratch/voineagu/PROJECTS/NMD_data/FMR1/2-FD61046-LEJ5124_L2_1.fq.gz
=============================================
104629196 sequences processed in total

