
SUMMARISING RUN PARAMETERS
==========================
Input filename: /srv/scratch/voineagu/PROJECTS/NMD_data/FMR1/200_L4_1.fq.gz
Trimming mode: paired-end
Trim Galore version: 0.6.10
Cutadapt version: 4.4
Python version: 3.11.2
Number of cores used for trimming: 12
Quality Phred score cutoff: 20
Quality encoding type selected: ASCII+33
Using Illumina adapter for trimming (count: 9589). Second best hit was smallRNA (count: 15)
Adapter sequence: 'AGATCGGAAGAGC' (Illumina TruSeq, Sanger iPCR; auto-detected)
Maximum trimming error rate: 0.1 (default)
Minimum required adapter overlap (stringency): 6 bp
Minimum required sequence length for both reads before a sequence pair gets removed: 20 bp
Running FastQC on the data once trimming has completed
Running FastQC with the following extra arguments: -t 8
Output file will be GZIP compressed


This is cutadapt 4.4 with Python 3.11.2
Command line parameters: -j 12 -e 0.1 -q 20 -O 6 -a AGATCGGAAGAGC /srv/scratch/voineagu/PROJECTS/NMD_data/FMR1/200_L4_1.fq.gz
Processing single-end reads on 12 cores ...
Finished in 544.440 s (4.512 µs/read; 13.30 M reads/minute).

=== Summary ===

Total reads processed:             120,662,673
Reads with adapters:                 1,667,498 (1.4%)
Reads written (passing filters):   120,662,673 (100.0%)

Total basepairs processed: 18,099,400,950 bp
Quality-trimmed:              15,499,152 bp (0.1%)
Total written (filtered):  18,043,065,269 bp (99.7%)

=== Adapter 1 ===

Sequence: AGATCGGAAGAGC; Type: regular 3'; Length: 13; Trimmed: 1667498 times

Minimum overlap: 6
No. of allowed errors:
1-9 bp: 0; 10-13 bp: 1

Bases preceding removed adapters:
  A: 9.1%
  C: 41.9%
  G: 32.1%
  T: 16.9%
  none/other: 0.0%

Overview of removed sequences
length	count	expect	max.err	error counts
6	69298	29458.7	0	69298
7	65484	7364.7	0	65484
8	66401	1841.2	0	66401
9	57000	460.3	0	55659 1341
10	59078	115.1	1	55448 3630
11	59216	28.8	1	55520 3696
12	56597	7.2	1	53878 2719
13	51849	1.8	1	49151 2698
14	53389	1.8	1	50546 2843
15	51005	1.8	1	48648 2357
16	49180	1.8	1	46614 2566
17	49939	1.8	1	47127 2812
18	45870	1.8	1	44022 1848
19	41548	1.8	1	39965 1583
20	43512	1.8	1	41587 1925
21	41607	1.8	1	39761 1846
22	39569	1.8	1	37833 1736
23	39848	1.8	1	38037 1811
24	38861	1.8	1	36816 2045
25	35183	1.8	1	33738 1445
26	34652	1.8	1	33320 1332
27	34709	1.8	1	33347 1362
28	33030	1.8	1	31750 1280
29	30394	1.8	1	28975 1419
30	29721	1.8	1	28693 1028
31	28071	1.8	1	26982 1089
32	26754	1.8	1	25776 978
33	27361	1.8	1	26038 1323
34	26458	1.8	1	25336 1122
35	23176	1.8	1	22394 782
36	23620	1.8	1	22468 1152
37	22990	1.8	1	22148 842
38	20961	1.8	1	19858 1103
39	20269	1.8	1	19330 939
40	17821	1.8	1	17142 679
41	19838	1.8	1	18820 1018
42	19248	1.8	1	18540 708
43	13970	1.8	1	13231 739
44	15386	1.8	1	14608 778
45	23273	1.8	1	22509 764
46	4906	1.8	1	4514 392
47	12183	1.8	1	11521 662
48	23784	1.8	1	22971 813
49	10212	1.8	1	9757 455
50	4362	1.8	1	4047 315
51	12816	1.8	1	12311 505
52	8539	1.8	1	8203 336
53	4177	1.8	1	3909 268
54	8575	1.8	1	8018 557
55	12972	1.8	1	12580 392
56	5488	1.8	1	5264 224
57	5182	1.8	1	4959 223
58	3594	1.8	1	3376 218
59	5400	1.8	1	5209 191
60	1273	1.8	1	1146 127
61	1520	1.8	1	1370 150
62	5106	1.8	1	4889 217
63	1955	1.8	1	1806 149
64	1229	1.8	1	1086 143
65	1734	1.8	1	1577 157
66	4224	1.8	1	4051 173
67	518	1.8	1	419 99
68	899	1.8	1	826 73
69	477	1.8	1	427 50
70	351	1.8	1	295 56
71	182	1.8	1	99 83
72	308	1.8	1	240 68
73	676	1.8	1	487 189
74	835	1.8	1	686 149
75	800	1.8	1	696 104
76	792	1.8	1	687 105
77	786	1.8	1	661 125
78	678	1.8	1	575 103
79	663	1.8	1	556 107
80	569	1.8	1	466 103
81	603	1.8	1	497 106
82	508	1.8	1	401 107
83	532	1.8	1	425 107
84	492	1.8	1	375 117
85	481	1.8	1	352 129
86	436	1.8	1	316 120
87	440	1.8	1	323 117
88	406	1.8	1	275 131
89	328	1.8	1	249 79
90	364	1.8	1	253 111
91	325	1.8	1	232 93
92	384	1.8	1	221 163
93	294	1.8	1	200 94
94	332	1.8	1	217 115
95	306	1.8	1	173 133
96	247	1.8	1	166 81
97	326	1.8	1	168 158
98	271	1.8	1	174 97
99	245	1.8	1	167 78
100	222	1.8	1	142 80
101	224	1.8	1	142 82
102	300	1.8	1	159 141
103	236	1.8	1	135 101
104	246	1.8	1	136 110
105	218	1.8	1	132 86
106	174	1.8	1	88 86
107	209	1.8	1	137 72
108	180	1.8	1	97 83
109	164	1.8	1	88 76
110	145	1.8	1	75 70
111	156	1.8	1	103 53
112	171	1.8	1	101 70
113	127	1.8	1	79 48
114	140	1.8	1	92 48
115	124	1.8	1	83 41
116	129	1.8	1	70 59
117	112	1.8	1	64 48
118	108	1.8	1	49 59
119	160	1.8	1	79 81
120	141	1.8	1	66 75
121	166	1.8	1	67 99
122	140	1.8	1	68 72
123	117	1.8	1	63 54
124	165	1.8	1	72 93
125	102	1.8	1	59 43
126	85	1.8	1	52 33
127	61	1.8	1	32 29
128	86	1.8	1	33 53
129	76	1.8	1	40 36
130	48	1.8	1	19 29
131	87	1.8	1	20 67
132	60	1.8	1	16 44
133	89	1.8	1	25 64
134	109	1.8	1	12 97
135	75	1.8	1	10 65
136	46	1.8	1	4 42
137	62	1.8	1	8 54
138	98	1.8	1	3 95
139	36	1.8	1	5 31
140	39	1.8	1	3 36
141	55	1.8	1	3 52
142	42	1.8	1	0 42
143	25	1.8	1	0 25
144	39	1.8	1	2 37
145	20	1.8	1	0 20
146	26	1.8	1	1 25
147	49	1.8	1	2 47
148	38	1.8	1	4 34
149	54	1.8	1	0 54
150	496	1.8	1	0 496

RUN STATISTICS FOR INPUT FILE: /srv/scratch/voineagu/PROJECTS/NMD_data/FMR1/200_L4_1.fq.gz
=============================================
120662673 sequences processed in total

