
SUMMARISING RUN PARAMETERS
==========================
Input filename: /srv/scratch/voineagu/PROJECTS/NMD_data/FMR1/201_L4_1.fq.gz
Trimming mode: paired-end
Trim Galore version: 0.6.10
Cutadapt version: 4.4
Python version: 3.11.2
Number of cores used for trimming: 12
Quality Phred score cutoff: 20
Quality encoding type selected: ASCII+33
Using Illumina adapter for trimming (count: 9949). Second best hit was smallRNA (count: 19)
Adapter sequence: 'AGATCGGAAGAGC' (Illumina TruSeq, Sanger iPCR; auto-detected)
Maximum trimming error rate: 0.1 (default)
Minimum required adapter overlap (stringency): 6 bp
Minimum required sequence length for both reads before a sequence pair gets removed: 20 bp
Running FastQC on the data once trimming has completed
Running FastQC with the following extra arguments: -t 8
Output file will be GZIP compressed


This is cutadapt 4.4 with Python 3.11.2
Command line parameters: -j 12 -e 0.1 -q 20 -O 6 -a AGATCGGAAGAGC /srv/scratch/voineagu/PROJECTS/NMD_data/FMR1/201_L4_1.fq.gz
Processing single-end reads on 12 cores ...
Finished in 599.327 s (4.659 µs/read; 12.88 M reads/minute).

=== Summary ===

Total reads processed:             128,640,909
Reads with adapters:                 1,840,467 (1.4%)
Reads written (passing filters):   128,640,909 (100.0%)

Total basepairs processed: 19,296,136,350 bp
Quality-trimmed:              17,577,425 bp (0.1%)
Total written (filtered):  19,233,386,963 bp (99.7%)

=== Adapter 1 ===

Sequence: AGATCGGAAGAGC; Type: regular 3'; Length: 13; Trimmed: 1840467 times

Minimum overlap: 6
No. of allowed errors:
1-9 bp: 0; 10-13 bp: 1

Bases preceding removed adapters:
  A: 7.8%
  C: 44.7%
  G: 29.0%
  T: 18.5%
  none/other: 0.0%

Overview of removed sequences
length	count	expect	max.err	error counts
6	76148	31406.5	0	76148
7	70520	7851.6	0	70520
8	73133	1962.9	0	73133
9	63405	490.7	0	62082 1323
10	64223	122.7	1	60005 4218
11	65494	30.7	1	61237 4257
12	63561	7.7	1	60475 3086
13	57434	1.9	1	54405 3029
14	58974	1.9	1	55733 3241
15	56031	1.9	1	53303 2728
16	54726	1.9	1	51787 2939
17	55942	1.9	1	52621 3321
18	50436	1.9	1	48326 2110
19	45443	1.9	1	43462 1981
20	47460	1.9	1	45277 2183
21	45903	1.9	1	43857 2046
22	44028	1.9	1	42012 2016
23	42678	1.9	1	40678 2000
24	42780	1.9	1	40490 2290
25	39234	1.9	1	37555 1679
26	38418	1.9	1	36959 1459
27	38636	1.9	1	37141 1495
28	35824	1.9	1	34268 1556
29	35403	1.9	1	33671 1732
30	32540	1.9	1	31396 1144
31	30575	1.9	1	29330 1245
32	30653	1.9	1	29454 1199
33	29893	1.9	1	28504 1389
34	29204	1.9	1	27926 1278
35	27134	1.9	1	25873 1261
36	24528	1.9	1	23577 951
37	25377	1.9	1	24235 1142
38	23496	1.9	1	22500 996
39	22014	1.9	1	21015 999
40	21356	1.9	1	20325 1031
41	19284	1.9	1	18487 797
42	20403	1.9	1	19474 929
43	19345	1.9	1	18460 885
44	15846	1.9	1	15031 815
45	25518	1.9	1	24688 830
46	4868	1.9	1	4482 386
47	12723	1.9	1	12071 652
48	19949	1.9	1	19196 753
49	12583	1.9	1	12047 536
50	6062	1.9	1	5684 378
51	12779	1.9	1	12218 561
52	9942	1.9	1	9428 514
53	5848	1.9	1	5526 322
54	8901	1.9	1	8308 593
55	13248	1.9	1	12822 426
56	6308	1.9	1	6022 286
57	6593	1.9	1	6312 281
58	4963	1.9	1	4715 248
59	5801	1.9	1	5556 245
60	2049	1.9	1	1895 154
61	1999	1.9	1	1832 167
62	5977	1.9	1	5758 219
63	2852	1.9	1	2709 143
64	1771	1.9	1	1659 112
65	1950	1.9	1	1755 195
66	5361	1.9	1	5151 210
67	974	1.9	1	843 131
68	1327	1.9	1	1226 101
69	508	1.9	1	453 55
70	342	1.9	1	282 60
71	184	1.9	1	104 80
72	374	1.9	1	286 88
73	791	1.9	1	593 198
74	949	1.9	1	818 131
75	922	1.9	1	816 106
76	879	1.9	1	786 93
77	865	1.9	1	733 132
78	832	1.9	1	726 106
79	708	1.9	1	576 132
80	665	1.9	1	561 104
81	608	1.9	1	506 102
82	566	1.9	1	438 128
83	584	1.9	1	461 123
84	534	1.9	1	403 131
85	479	1.9	1	354 125
86	478	1.9	1	372 106
87	534	1.9	1	392 142
88	455	1.9	1	324 131
89	397	1.9	1	275 122
90	381	1.9	1	282 99
91	336	1.9	1	261 75
92	373	1.9	1	231 142
93	331	1.9	1	226 105
94	326	1.9	1	216 110
95	368	1.9	1	217 151
96	235	1.9	1	155 80
97	330	1.9	1	188 142
98	269	1.9	1	169 100
99	270	1.9	1	172 98
100	309	1.9	1	177 132
101	239	1.9	1	160 79
102	346	1.9	1	174 172
103	220	1.9	1	131 89
104	199	1.9	1	123 76
105	194	1.9	1	123 71
106	175	1.9	1	118 57
107	205	1.9	1	125 80
108	241	1.9	1	121 120
109	156	1.9	1	94 62
110	148	1.9	1	87 61
111	168	1.9	1	92 76
112	164	1.9	1	81 83
113	176	1.9	1	97 79
114	144	1.9	1	77 67
115	169	1.9	1	99 70
116	175	1.9	1	75 100
117	107	1.9	1	67 40
118	140	1.9	1	69 71
119	132	1.9	1	85 47
120	137	1.9	1	63 74
121	197	1.9	1	71 126
122	129	1.9	1	67 62
123	101	1.9	1	57 44
124	142	1.9	1	42 100
125	116	1.9	1	58 58
126	81	1.9	1	45 36
127	69	1.9	1	31 38
128	92	1.9	1	41 51
129	66	1.9	1	23 43
130	58	1.9	1	19 39
131	126	1.9	1	26 100
132	63	1.9	1	24 39
133	111	1.9	1	16 95
134	77	1.9	1	12 65
135	72	1.9	1	7 65
136	43	1.9	1	10 33
137	46	1.9	1	5 41
138	107	1.9	1	6 101
139	59	1.9	1	5 54
140	94	1.9	1	2 92
141	133	1.9	1	5 128
142	36	1.9	1	1 35
143	36	1.9	1	0 36
144	49	1.9	1	0 49
145	31	1.9	1	0 31
146	42	1.9	1	1 41
147	53	1.9	1	1 52
148	41	1.9	1	1 40
149	50	1.9	1	1 49
150	502	1.9	1	0 502

RUN STATISTICS FOR INPUT FILE: /srv/scratch/voineagu/PROJECTS/NMD_data/FMR1/201_L4_1.fq.gz
=============================================
128640909 sequences processed in total

