
SUMMARISING RUN PARAMETERS
==========================
Input filename: /srv/scratch/voineagu/PROJECTS/NMD_data/FMR1/202_L4_1.fq.gz
Trimming mode: paired-end
Trim Galore version: 0.6.10
Cutadapt version: 4.4
Python version: 3.11.2
Number of cores used for trimming: 12
Quality Phred score cutoff: 20
Quality encoding type selected: ASCII+33
Using Illumina adapter for trimming (count: 13032). Second best hit was smallRNA (count: 7)
Adapter sequence: 'AGATCGGAAGAGC' (Illumina TruSeq, Sanger iPCR; auto-detected)
Maximum trimming error rate: 0.1 (default)
Minimum required adapter overlap (stringency): 6 bp
Minimum required sequence length for both reads before a sequence pair gets removed: 20 bp
Running FastQC on the data once trimming has completed
Running FastQC with the following extra arguments: -t 8
Output file will be GZIP compressed


This is cutadapt 4.4 with Python 3.11.2
Command line parameters: -j 12 -e 0.1 -q 20 -O 6 -a AGATCGGAAGAGC /srv/scratch/voineagu/PROJECTS/NMD_data/FMR1/202_L4_1.fq.gz
Processing single-end reads on 12 cores ...
Finished in 663.437 s (4.653 µs/read; 12.89 M reads/minute).

=== Summary ===

Total reads processed:             142,580,625
Reads with adapters:                 2,973,999 (2.1%)
Reads written (passing filters):   142,580,625 (100.0%)

Total basepairs processed: 21,387,093,750 bp
Quality-trimmed:              20,649,190 bp (0.1%)
Total written (filtered):  21,298,777,711 bp (99.6%)

=== Adapter 1 ===

Sequence: AGATCGGAAGAGC; Type: regular 3'; Length: 13; Trimmed: 2973999 times

Minimum overlap: 6
No. of allowed errors:
1-9 bp: 0; 10-13 bp: 1

Bases preceding removed adapters:
  A: 9.6%
  C: 42.5%
  G: 31.0%
  T: 15.5%
  none/other: 1.4%

Overview of removed sequences
length	count	expect	max.err	error counts
6	148937	34809.7	0	148937
7	141309	8702.4	0	141309
8	135127	2175.6	0	135127
9	138979	543.9	0	137840 1139
10	135503	136.0	1	129000 6503
11	118369	34.0	1	111482 6887
12	121468	8.5	1	116243 5225
13	106944	2.1	1	101908 5036
14	110279	2.1	1	104207 6072
15	102557	2.1	1	97771 4786
16	99327	2.1	1	93504 5823
17	99644	2.1	1	93954 5690
18	89082	2.1	1	85260 3822
19	79971	2.1	1	76384 3587
20	82731	2.1	1	78795 3936
21	77345	2.1	1	73677 3668
22	73348	2.1	1	70386 2962
23	71796	2.1	1	68489 3307
24	67399	2.1	1	63579 3820
25	61909	2.1	1	59169 2740
26	58682	2.1	1	56249 2433
27	57453	2.1	1	54968 2485
28	53656	2.1	1	51194 2462
29	50744	2.1	1	48126 2618
30	45436	2.1	1	43565 1871
31	43477	2.1	1	41640 1837
32	42497	2.1	1	40830 1667
33	38829	2.1	1	36939 1890
34	38032	2.1	1	36402 1630
35	34537	2.1	1	33097 1440
36	34510	2.1	1	32467 2043
37	31919	2.1	1	30572 1347
38	25632	2.1	1	24618 1014
39	26163	2.1	1	24921 1242
40	24254	2.1	1	23042 1212
41	23484	2.1	1	22333 1151
42	25497	2.1	1	24357 1140
43	17177	2.1	1	16148 1029
44	17795	2.1	1	16809 986
45	28035	2.1	1	26866 1169
46	6420	2.1	1	5881 539
47	13420	2.1	1	12721 699
48	53805	2.1	1	52171 1634
49	23803	2.1	1	22609 1194
50	2383	2.1	1	2069 314
51	9055	2.1	1	8676 379
52	8270	2.1	1	7853 417
53	1141	2.1	1	961 180
54	2338	2.1	1	1986 352
55	3689	2.1	1	3475 214
56	1625	2.1	1	1435 190
57	640	2.1	1	487 153
58	554	2.1	1	403 151
59	1190	2.1	1	1105 85
60	336	2.1	1	208 128
61	431	2.1	1	326 105
62	1809	2.1	1	1654 155
63	479	2.1	1	367 112
64	467	2.1	1	341 126
65	530	2.1	1	458 72
66	1350	2.1	1	1220 130
67	383	2.1	1	231 152
68	254	2.1	1	149 105
69	194	2.1	1	117 77
70	229	2.1	1	136 93
71	135	2.1	1	53 82
72	166	2.1	1	75 91
73	334	2.1	1	176 158
74	461	2.1	1	321 140
75	556	2.1	1	416 140
76	625	2.1	1	485 140
77	544	2.1	1	401 143
78	479	2.1	1	381 98
79	520	2.1	1	365 155
80	455	2.1	1	325 130
81	445	2.1	1	338 107
82	395	2.1	1	291 104
83	428	2.1	1	304 124
84	429	2.1	1	305 124
85	403	2.1	1	273 130
86	405	2.1	1	256 149
87	408	2.1	1	290 118
88	401	2.1	1	253 148
89	419	2.1	1	285 134
90	324	2.1	1	225 99
91	343	2.1	1	208 135
92	351	2.1	1	201 150
93	310	2.1	1	156 154
94	351	2.1	1	208 143
95	357	2.1	1	215 142
96	327	2.1	1	219 108
97	327	2.1	1	167 160
98	270	2.1	1	171 99
99	258	2.1	1	176 82
100	316	2.1	1	165 151
101	276	2.1	1	171 105
102	250	2.1	1	128 122
103	256	2.1	1	137 119
104	266	2.1	1	140 126
105	277	2.1	1	151 126
106	204	2.1	1	99 105
107	234	2.1	1	145 89
108	189	2.1	1	118 71
109	222	2.1	1	143 79
110	204	2.1	1	130 74
111	192	2.1	1	122 70
112	223	2.1	1	121 102
113	244	2.1	1	127 117
114	199	2.1	1	107 92
115	171	2.1	1	100 71
116	171	2.1	1	93 78
117	133	2.1	1	81 52
118	201	2.1	1	106 95
119	230	2.1	1	110 120
120	244	2.1	1	85 159
121	227	2.1	1	93 134
122	188	2.1	1	78 110
123	127	2.1	1	64 63
124	241	2.1	1	62 179
125	118	2.1	1	63 55
126	124	2.1	1	64 60
127	105	2.1	1	50 55
128	121	2.1	1	39 82
129	68	2.1	1	31 37
130	110	2.1	1	44 66
131	170	2.1	1	41 129
132	98	2.1	1	28 70
133	139	2.1	1	18 121
134	96	2.1	1	19 77
135	92	2.1	1	16 76
136	112	2.1	1	8 104
137	144	2.1	1	10 134
138	142	2.1	1	7 135
139	111	2.1	1	4 107
140	62	2.1	1	4 58
141	76	2.1	1	4 72
142	64	2.1	1	3 61
143	57	2.1	1	2 55
144	106	2.1	1	3 103
145	73	2.1	1	0 73
146	76	2.1	1	1 75
147	100	2.1	1	0 100
148	64	2.1	1	2 62
149	98	2.1	1	0 98
150	40134	2.1	1	0 40134

RUN STATISTICS FOR INPUT FILE: /srv/scratch/voineagu/PROJECTS/NMD_data/FMR1/202_L4_1.fq.gz
=============================================
142580625 sequences processed in total

