
SUMMARISING RUN PARAMETERS
==========================
Input filename: /srv/scratch/voineagu/PROJECTS/NMD_data/FMR1/204_L4_1.fq.gz
Trimming mode: paired-end
Trim Galore version: 0.6.10
Cutadapt version: 4.4
Python version: 3.11.2
Number of cores used for trimming: 12
Quality Phred score cutoff: 20
Quality encoding type selected: ASCII+33
Using Illumina adapter for trimming (count: 10011). Second best hit was smallRNA (count: 26)
Adapter sequence: 'AGATCGGAAGAGC' (Illumina TruSeq, Sanger iPCR; auto-detected)
Maximum trimming error rate: 0.1 (default)
Minimum required adapter overlap (stringency): 6 bp
Minimum required sequence length for both reads before a sequence pair gets removed: 20 bp
Running FastQC on the data once trimming has completed
Running FastQC with the following extra arguments: -t 8
Output file will be GZIP compressed


This is cutadapt 4.4 with Python 3.11.2
Command line parameters: -j 12 -e 0.1 -q 20 -O 6 -a AGATCGGAAGAGC /srv/scratch/voineagu/PROJECTS/NMD_data/FMR1/204_L4_1.fq.gz
Processing single-end reads on 12 cores ...
Finished in 536.252 s (4.528 µs/read; 13.25 M reads/minute).

=== Summary ===

Total reads processed:             118,426,999
Reads with adapters:                 1,692,758 (1.4%)
Reads written (passing filters):   118,426,999 (100.0%)

Total basepairs processed: 17,764,049,850 bp
Quality-trimmed:              14,740,527 bp (0.1%)
Total written (filtered):  17,707,917,289 bp (99.7%)

=== Adapter 1 ===

Sequence: AGATCGGAAGAGC; Type: regular 3'; Length: 13; Trimmed: 1692758 times

Minimum overlap: 6
No. of allowed errors:
1-9 bp: 0; 10-13 bp: 1

Bases preceding removed adapters:
  A: 9.3%
  C: 38.7%
  G: 35.7%
  T: 16.3%
  none/other: 0.0%

Overview of removed sequences
length	count	expect	max.err	error counts
6	69668	28912.8	0	69668
7	65437	7228.2	0	65437
8	67615	1807.1	0	67615
9	58712	451.8	0	57356 1356
10	59367	112.9	1	55583 3784
11	60879	28.2	1	57065 3814
12	57449	7.1	1	54974 2475
13	54270	1.8	1	51688 2582
14	53765	1.8	1	51306 2459
15	52793	1.8	1	50481 2312
16	50337	1.8	1	47901 2436
17	52016	1.8	1	49305 2711
18	47467	1.8	1	45808 1659
19	41335	1.8	1	39877 1458
20	44921	1.8	1	43048 1873
21	42055	1.8	1	40372 1683
22	41117	1.8	1	39542 1575
23	40683	1.8	1	38977 1706
24	39263	1.8	1	37320 1943
25	36646	1.8	1	35307 1339
26	36254	1.8	1	35001 1253
27	35532	1.8	1	34166 1366
28	32695	1.8	1	31351 1344
29	32599	1.8	1	31201 1398
30	30287	1.8	1	29290 997
31	28283	1.8	1	27258 1025
32	28097	1.8	1	27074 1023
33	27670	1.8	1	26494 1176
34	26656	1.8	1	25601 1055
35	25180	1.8	1	23998 1182
36	22688	1.8	1	21900 788
37	23424	1.8	1	22346 1078
38	19558	1.8	1	18808 750
39	21819	1.8	1	20876 943
40	21794	1.8	1	20823 971
41	15489	1.8	1	14871 618
42	17023	1.8	1	16363 660
43	15386	1.8	1	14645 741
44	16629	1.8	1	15704 925
45	21649	1.8	1	20983 666
46	5209	1.8	1	4815 394
47	10396	1.8	1	9924 472
48	17015	1.8	1	16434 581
49	10480	1.8	1	10029 451
50	5419	1.8	1	5092 327
51	11560	1.8	1	11088 472
52	8623	1.8	1	8245 378
53	5188	1.8	1	4885 303
54	7346	1.8	1	6871 475
55	10919	1.8	1	10523 396
56	5700	1.8	1	5433 267
57	5554	1.8	1	5300 254
58	4729	1.8	1	4488 241
59	5108	1.8	1	4881 227
60	1747	1.8	1	1587 160
61	1896	1.8	1	1728 168
62	5166	1.8	1	4926 240
63	2424	1.8	1	2262 162
64	1596	1.8	1	1476 120
65	1700	1.8	1	1525 175
66	4864	1.8	1	4695 169
67	800	1.8	1	693 107
68	1145	1.8	1	1056 89
69	461	1.8	1	384 77
70	328	1.8	1	263 65
71	197	1.8	1	112 85
72	385	1.8	1	299 86
73	813	1.8	1	626 187
74	862	1.8	1	734 128
75	938	1.8	1	793 145
76	916	1.8	1	801 115
77	835	1.8	1	677 158
78	823	1.8	1	685 138
79	765	1.8	1	627 138
80	720	1.8	1	580 140
81	604	1.8	1	498 106
82	585	1.8	1	464 121
83	504	1.8	1	402 102
84	562	1.8	1	465 97
85	471	1.8	1	354 117
86	562	1.8	1	412 150
87	558	1.8	1	416 142
88	416	1.8	1	299 117
89	418	1.8	1	302 116
90	424	1.8	1	285 139
91	387	1.8	1	285 102
92	383	1.8	1	236 147
93	394	1.8	1	261 133
94	366	1.8	1	217 149
95	369	1.8	1	227 142
96	288	1.8	1	180 108
97	385	1.8	1	191 194
98	332	1.8	1	223 109
99	293	1.8	1	188 105
100	309	1.8	1	203 106
101	258	1.8	1	166 92
102	278	1.8	1	157 121
103	252	1.8	1	154 98
104	337	1.8	1	161 176
105	236	1.8	1	144 92
106	222	1.8	1	118 104
107	209	1.8	1	118 91
108	205	1.8	1	110 95
109	220	1.8	1	143 77
110	215	1.8	1	126 89
111	207	1.8	1	121 86
112	175	1.8	1	101 74
113	213	1.8	1	120 93
114	182	1.8	1	109 73
115	129	1.8	1	91 38
116	180	1.8	1	85 95
117	141	1.8	1	95 46
118	191	1.8	1	94 97
119	180	1.8	1	107 73
120	157	1.8	1	70 87
121	232	1.8	1	81 151
122	157	1.8	1	62 95
123	105	1.8	1	73 32
124	193	1.8	1	59 134
125	120	1.8	1	68 52
126	101	1.8	1	53 48
127	71	1.8	1	38 33
128	108	1.8	1	33 75
129	108	1.8	1	40 68
130	90	1.8	1	31 59
131	124	1.8	1	32 92
132	63	1.8	1	31 32
133	112	1.8	1	16 96
134	107	1.8	1	21 86
135	76	1.8	1	13 63
136	68	1.8	1	7 61
137	64	1.8	1	5 59
138	111	1.8	1	5 106
139	80	1.8	1	3 77
140	62	1.8	1	3 59
141	101	1.8	1	1 100
142	50	1.8	1	2 48
143	27	1.8	1	3 24
144	48	1.8	1	0 48
145	26	1.8	1	1 25
146	37	1.8	1	1 36
147	52	1.8	1	2 50
148	19	1.8	1	0 19
149	47	1.8	1	0 47
150	268	1.8	1	0 268

RUN STATISTICS FOR INPUT FILE: /srv/scratch/voineagu/PROJECTS/NMD_data/FMR1/204_L4_1.fq.gz
=============================================
118426999 sequences processed in total

