
SUMMARISING RUN PARAMETERS
==========================
Input filename: /srv/scratch/voineagu/PROJECTS/NMD_data/FMR1/206_L4_1.fq.gz
Trimming mode: paired-end
Trim Galore version: 0.6.10
Cutadapt version: 4.4
Python version: 3.11.2
Number of cores used for trimming: 12
Quality Phred score cutoff: 20
Quality encoding type selected: ASCII+33
Using Illumina adapter for trimming (count: 11410). Second best hit was smallRNA (count: 12)
Adapter sequence: 'AGATCGGAAGAGC' (Illumina TruSeq, Sanger iPCR; auto-detected)
Maximum trimming error rate: 0.1 (default)
Minimum required adapter overlap (stringency): 6 bp
Minimum required sequence length for both reads before a sequence pair gets removed: 20 bp
Running FastQC on the data once trimming has completed
Running FastQC with the following extra arguments: -t 8
Output file will be GZIP compressed


This is cutadapt 4.4 with Python 3.11.2
Command line parameters: -j 12 -e 0.1 -q 20 -O 6 -a AGATCGGAAGAGC /srv/scratch/voineagu/PROJECTS/NMD_data/FMR1/206_L4_1.fq.gz
Processing single-end reads on 12 cores ...
Finished in 445.141 s (4.465 µs/read; 13.44 M reads/minute).

=== Summary ===

Total reads processed:              99,697,414
Reads with adapters:                 1,618,842 (1.6%)
Reads written (passing filters):    99,697,414 (100.0%)

Total basepairs processed: 14,954,612,100 bp
Quality-trimmed:              11,878,578 bp (0.1%)
Total written (filtered):  14,903,257,789 bp (99.7%)

=== Adapter 1 ===

Sequence: AGATCGGAAGAGC; Type: regular 3'; Length: 13; Trimmed: 1618842 times

Minimum overlap: 6
No. of allowed errors:
1-9 bp: 0; 10-13 bp: 1

Bases preceding removed adapters:
  A: 9.8%
  C: 35.8%
  G: 38.3%
  T: 16.1%
  none/other: 0.0%

Overview of removed sequences
length	count	expect	max.err	error counts
6	66025	24340.2	0	66025
7	62777	6085.0	0	62777
8	65270	1521.3	0	65270
9	55183	380.3	0	54051 1132
10	56394	95.1	1	53229 3165
11	57365	23.8	1	54054 3311
12	55616	5.9	1	53207 2409
13	51324	1.5	1	49043 2281
14	50809	1.5	1	48549 2260
15	50304	1.5	1	48275 2029
16	47251	1.5	1	45252 1999
17	48690	1.5	1	46184 2506
18	44947	1.5	1	43408 1539
19	40835	1.5	1	39525 1310
20	42443	1.5	1	40818 1625
21	40482	1.5	1	38855 1627
22	39244	1.5	1	37806 1438
23	40432	1.5	1	38883 1549
24	35644	1.5	1	34171 1473
25	35822	1.5	1	34622 1200
26	33579	1.5	1	32628 951
27	33938	1.5	1	32797 1141
28	32492	1.5	1	31325 1167
29	30256	1.5	1	29095 1161
30	29230	1.5	1	28410 820
31	27375	1.5	1	26520 855
32	27228	1.5	1	26400 828
33	25450	1.5	1	24490 960
34	24665	1.5	1	23848 817
35	26436	1.5	1	25363 1073
36	20701	1.5	1	20073 628
37	21145	1.5	1	20456 689
38	19551	1.5	1	18915 636
39	19876	1.5	1	19086 790
40	17443	1.5	1	16908 535
41	19504	1.5	1	18811 693
42	16252	1.5	1	15580 672
43	16414	1.5	1	15582 832
44	16055	1.5	1	15304 751
45	26373	1.5	1	25579 794
46	7603	1.5	1	7222 381
47	8614	1.5	1	8243 371
48	22465	1.5	1	21889 576
49	9870	1.5	1	9537 333
50	3582	1.5	1	3348 234
51	13244	1.5	1	12884 360
52	8116	1.5	1	7860 256
53	3000	1.5	1	2818 182
54	7533	1.5	1	7166 367
55	11938	1.5	1	11696 242
56	4818	1.5	1	4616 202
57	3803	1.5	1	3649 154
58	2986	1.5	1	2867 119
59	4788	1.5	1	4628 160
60	920	1.5	1	829 91
61	1308	1.5	1	1192 116
62	4659	1.5	1	4527 132
63	1417	1.5	1	1309 108
64	958	1.5	1	866 92
65	1481	1.5	1	1380 101
66	3694	1.5	1	3566 128
67	454	1.5	1	367 87
68	719	1.5	1	642 77
69	459	1.5	1	391 68
70	337	1.5	1	269 68
71	149	1.5	1	65 84
72	252	1.5	1	206 46
73	623	1.5	1	484 139
74	831	1.5	1	721 110
75	799	1.5	1	710 89
76	784	1.5	1	689 95
77	755	1.5	1	656 99
78	678	1.5	1	603 75
79	690	1.5	1	571 119
80	592	1.5	1	491 101
81	583	1.5	1	481 102
82	544	1.5	1	445 99
83	478	1.5	1	394 84
84	495	1.5	1	404 91
85	390	1.5	1	308 82
86	429	1.5	1	332 97
87	465	1.5	1	366 99
88	410	1.5	1	304 106
89	360	1.5	1	273 87
90	375	1.5	1	280 95
91	293	1.5	1	209 84
92	358	1.5	1	243 115
93	293	1.5	1	212 81
94	295	1.5	1	188 107
95	300	1.5	1	186 114
96	254	1.5	1	171 83
97	320	1.5	1	173 147
98	259	1.5	1	189 70
99	240	1.5	1	153 87
100	266	1.5	1	176 90
101	220	1.5	1	159 61
102	305	1.5	1	162 143
103	200	1.5	1	121 79
104	237	1.5	1	105 132
105	203	1.5	1	111 92
106	183	1.5	1	91 92
107	179	1.5	1	103 76
108	194	1.5	1	111 83
109	183	1.5	1	99 84
110	188	1.5	1	96 92
111	184	1.5	1	102 82
112	140	1.5	1	77 63
113	149	1.5	1	83 66
114	142	1.5	1	83 59
115	106	1.5	1	73 33
116	126	1.5	1	54 72
117	116	1.5	1	68 48
118	131	1.5	1	68 63
119	130	1.5	1	54 76
120	101	1.5	1	51 50
121	161	1.5	1	59 102
122	136	1.5	1	56 80
123	109	1.5	1	65 44
124	140	1.5	1	52 88
125	81	1.5	1	34 47
126	87	1.5	1	50 37
127	96	1.5	1	37 59
128	67	1.5	1	24 43
129	59	1.5	1	29 30
130	68	1.5	1	27 41
131	74	1.5	1	16 58
132	54	1.5	1	16 38
133	87	1.5	1	17 70
134	80	1.5	1	18 62
135	65	1.5	1	10 55
136	47	1.5	1	6 41
137	49	1.5	1	10 39
138	73	1.5	1	6 67
139	50	1.5	1	3 47
140	59	1.5	1	1 58
141	57	1.5	1	5 52
142	53	1.5	1	0 53
143	39	1.5	1	0 39
144	63	1.5	1	0 63
145	19	1.5	1	0 19
146	35	1.5	1	0 35
147	36	1.5	1	1 35
148	33	1.5	1	0 33
149	24	1.5	1	0 24
150	278	1.5	1	0 278

RUN STATISTICS FOR INPUT FILE: /srv/scratch/voineagu/PROJECTS/NMD_data/FMR1/206_L4_1.fq.gz
=============================================
99697414 sequences processed in total

