
SUMMARISING RUN PARAMETERS
==========================
Input filename: /srv/scratch/voineagu/PROJECTS/NMD_data/FMR1/207_L4_1.fq.gz
Trimming mode: paired-end
Trim Galore version: 0.6.10
Cutadapt version: 4.4
Python version: 3.11.2
Number of cores used for trimming: 12
Quality Phred score cutoff: 20
Quality encoding type selected: ASCII+33
Using Illumina adapter for trimming (count: 9991). Second best hit was smallRNA (count: 12)
Adapter sequence: 'AGATCGGAAGAGC' (Illumina TruSeq, Sanger iPCR; auto-detected)
Maximum trimming error rate: 0.1 (default)
Minimum required adapter overlap (stringency): 6 bp
Minimum required sequence length for both reads before a sequence pair gets removed: 20 bp
Running FastQC on the data once trimming has completed
Running FastQC with the following extra arguments: -t 8
Output file will be GZIP compressed


This is cutadapt 4.4 with Python 3.11.2
Command line parameters: -j 12 -e 0.1 -q 20 -O 6 -a AGATCGGAAGAGC /srv/scratch/voineagu/PROJECTS/NMD_data/FMR1/207_L4_1.fq.gz
Processing single-end reads on 12 cores ...
Finished in 472.684 s (4.520 µs/read; 13.27 M reads/minute).

=== Summary ===

Total reads processed:             104,576,246
Reads with adapters:                 1,480,175 (1.4%)
Reads written (passing filters):   104,576,246 (100.0%)

Total basepairs processed: 15,686,436,900 bp
Quality-trimmed:              12,686,140 bp (0.1%)
Total written (filtered):  15,637,115,102 bp (99.7%)

=== Adapter 1 ===

Sequence: AGATCGGAAGAGC; Type: regular 3'; Length: 13; Trimmed: 1480175 times

Minimum overlap: 6
No. of allowed errors:
1-9 bp: 0; 10-13 bp: 1

Bases preceding removed adapters:
  A: 9.8%
  C: 34.9%
  G: 39.3%
  T: 16.0%
  none/other: 0.0%

Overview of removed sequences
length	count	expect	max.err	error counts
6	59347	25531.3	0	59347
7	56208	6382.8	0	56208
8	58144	1595.7	0	58144
9	49238	398.9	0	48197 1041
10	50763	99.7	1	47671 3092
11	52705	24.9	1	49578 3127
12	50020	6.2	1	47855 2165
13	46042	1.6	1	43926 2116
14	46147	1.6	1	44000 2147
15	44990	1.6	1	43081 1909
16	43061	1.6	1	41169 1892
17	44690	1.6	1	42407 2283
18	42081	1.6	1	40513 1568
19	35483	1.6	1	34397 1086
20	39000	1.6	1	37525 1475
21	36987	1.6	1	35570 1417
22	36132	1.6	1	34732 1400
23	35429	1.6	1	34057 1372
24	32597	1.6	1	31145 1452
25	32277	1.6	1	31166 1111
26	30850	1.6	1	29850 1000
27	30988	1.6	1	29835 1153
28	30123	1.6	1	28995 1128
29	27676	1.6	1	26678 998
30	26870	1.6	1	26108 762
31	25367	1.6	1	24572 795
32	24901	1.6	1	24109 792
33	23794	1.6	1	22845 949
34	24091	1.6	1	23098 993
35	21322	1.6	1	20649 673
36	23177	1.6	1	22373 804
37	18773	1.6	1	17917 856
38	17677	1.6	1	17102 575
39	18252	1.6	1	17600 652
40	16764	1.6	1	16126 638
41	16754	1.6	1	16179 575
42	16002	1.6	1	15440 562
43	13890	1.6	1	13387 503
44	14755	1.6	1	14037 718
45	20454	1.6	1	19894 560
46	4708	1.6	1	4448 260
47	9915	1.6	1	9513 402
48	16518	1.6	1	16001 517
49	9912	1.6	1	9537 375
50	4673	1.6	1	4459 214
51	11598	1.6	1	11263 335
52	7883	1.6	1	7599 284
53	4197	1.6	1	4003 194
54	6917	1.6	1	6571 346
55	10772	1.6	1	10487 285
56	5815	1.6	1	5618 197
57	5171	1.6	1	4982 189
58	4175	1.6	1	3986 189
59	5288	1.6	1	5102 186
60	1414	1.6	1	1314 100
61	1669	1.6	1	1555 114
62	5094	1.6	1	4913 181
63	2117	1.6	1	1993 124
64	1434	1.6	1	1319 115
65	1611	1.6	1	1484 127
66	4415	1.6	1	4296 119
67	713	1.6	1	611 102
68	1062	1.6	1	992 70
69	459	1.6	1	408 51
70	297	1.6	1	248 49
71	172	1.6	1	86 86
72	307	1.6	1	232 75
73	633	1.6	1	500 133
74	771	1.6	1	667 104
75	804	1.6	1	717 87
76	773	1.6	1	682 91
77	757	1.6	1	651 106
78	631	1.6	1	539 92
79	675	1.6	1	548 127
80	579	1.6	1	466 113
81	506	1.6	1	420 86
82	476	1.6	1	393 83
83	433	1.6	1	345 88
84	420	1.6	1	308 112
85	382	1.6	1	298 84
86	348	1.6	1	266 82
87	306	1.6	1	236 70
88	356	1.6	1	265 91
89	334	1.6	1	251 83
90	329	1.6	1	235 94
91	287	1.6	1	208 79
92	355	1.6	1	202 153
93	314	1.6	1	215 99
94	314	1.6	1	174 140
95	281	1.6	1	169 112
96	250	1.6	1	173 77
97	300	1.6	1	147 153
98	240	1.6	1	161 79
99	202	1.6	1	151 51
100	240	1.6	1	137 103
101	226	1.6	1	132 94
102	239	1.6	1	111 128
103	205	1.6	1	104 101
104	233	1.6	1	100 133
105	170	1.6	1	91 79
106	182	1.6	1	108 74
107	183	1.6	1	104 79
108	179	1.6	1	89 90
109	186	1.6	1	91 95
110	204	1.6	1	104 100
111	136	1.6	1	75 61
112	180	1.6	1	89 91
113	151	1.6	1	72 79
114	130	1.6	1	86 44
115	116	1.6	1	82 34
116	135	1.6	1	58 77
117	116	1.6	1	62 54
118	139	1.6	1	58 81
119	126	1.6	1	57 69
120	108	1.6	1	57 51
121	184	1.6	1	59 125
122	107	1.6	1	52 55
123	93	1.6	1	50 43
124	154	1.6	1	41 113
125	82	1.6	1	31 51
126	54	1.6	1	31 23
127	161	1.6	1	33 128
128	86	1.6	1	29 57
129	72	1.6	1	18 54
130	73	1.6	1	21 52
131	85	1.6	1	15 70
132	48	1.6	1	14 34
133	102	1.6	1	15 87
134	114	1.6	1	15 99
135	86	1.6	1	5 81
136	69	1.6	1	8 61
137	69	1.6	1	5 64
138	95	1.6	1	5 90
139	77	1.6	1	6 71
140	67	1.6	1	4 63
141	78	1.6	1	6 72
142	38	1.6	1	0 38
143	30	1.6	1	0 30
144	44	1.6	1	1 43
145	9	1.6	1	1 8
146	40	1.6	1	0 40
147	32	1.6	1	1 31
148	21	1.6	1	0 21
149	28	1.6	1	0 28
150	210	1.6	1	0 210

RUN STATISTICS FOR INPUT FILE: /srv/scratch/voineagu/PROJECTS/NMD_data/FMR1/207_L4_1.fq.gz
=============================================
104576246 sequences processed in total

