
SUMMARISING RUN PARAMETERS
==========================
Input filename: /srv/scratch/voineagu/PROJECTS/NMD_data/FMR1/208_L4_1.fq.gz
Trimming mode: paired-end
Trim Galore version: 0.6.10
Cutadapt version: 4.4
Python version: 3.11.2
Number of cores used for trimming: 12
Quality Phred score cutoff: 20
Quality encoding type selected: ASCII+33
Using Illumina adapter for trimming (count: 9628). Second best hit was smallRNA (count: 15)
Adapter sequence: 'AGATCGGAAGAGC' (Illumina TruSeq, Sanger iPCR; auto-detected)
Maximum trimming error rate: 0.1 (default)
Minimum required adapter overlap (stringency): 6 bp
Minimum required sequence length for both reads before a sequence pair gets removed: 20 bp
Running FastQC on the data once trimming has completed
Running FastQC with the following extra arguments: -t 8
Output file will be GZIP compressed


This is cutadapt 4.4 with Python 3.11.2
Command line parameters: -j 12 -e 0.1 -q 20 -O 6 -a AGATCGGAAGAGC /srv/scratch/voineagu/PROJECTS/NMD_data/FMR1/208_L4_1.fq.gz
Processing single-end reads on 12 cores ...
Finished in 579.572 s (4.940 µs/read; 12.15 M reads/minute).

=== Summary ===

Total reads processed:             117,332,751
Reads with adapters:                 1,606,786 (1.4%)
Reads written (passing filters):   117,332,751 (100.0%)

Total basepairs processed: 17,599,912,650 bp
Quality-trimmed:              14,819,247 bp (0.1%)
Total written (filtered):  17,545,840,934 bp (99.7%)

=== Adapter 1 ===

Sequence: AGATCGGAAGAGC; Type: regular 3'; Length: 13; Trimmed: 1606786 times

Minimum overlap: 6
No. of allowed errors:
1-9 bp: 0; 10-13 bp: 1

Bases preceding removed adapters:
  A: 9.7%
  C: 37.9%
  G: 36.0%
  T: 16.3%
  none/other: 0.0%

Overview of removed sequences
length	count	expect	max.err	error counts
6	66788	28645.7	0	66788
7	62496	7161.4	0	62496
8	64666	1790.4	0	64666
9	55453	447.6	0	54321 1132
10	56417	111.9	1	53007 3410
11	57353	28.0	1	53816 3537
12	55060	7.0	1	52617 2443
13	50783	1.7	1	48475 2308
14	51673	1.7	1	49068 2605
15	49754	1.7	1	47713 2041
16	48130	1.7	1	45807 2323
17	49310	1.7	1	46797 2513
18	44585	1.7	1	42993 1592
19	40318	1.7	1	39006 1312
20	42162	1.7	1	40637 1525
21	40093	1.7	1	38490 1603
22	38588	1.7	1	37171 1417
23	38221	1.7	1	36665 1556
24	36315	1.7	1	34726 1589
25	34458	1.7	1	33292 1166
26	33343	1.7	1	32328 1015
27	33461	1.7	1	32269 1192
28	31267	1.7	1	30068 1199
29	30787	1.7	1	29519 1268
30	28081	1.7	1	27258 823
31	26994	1.7	1	26088 906
32	26360	1.7	1	25498 862
33	25645	1.7	1	24610 1035
34	24755	1.7	1	23848 907
35	24371	1.7	1	23361 1010
36	21318	1.7	1	20664 654
37	20402	1.7	1	19721 681
38	21168	1.7	1	20399 769
39	19676	1.7	1	18719 957
40	17127	1.7	1	16550 577
41	18006	1.7	1	17291 715
42	18337	1.7	1	17712 625
43	13496	1.7	1	12884 612
44	15037	1.7	1	14343 694
45	21535	1.7	1	20941 594
46	4774	1.7	1	4513 261
47	10662	1.7	1	10273 389
48	16654	1.7	1	16090 564
49	10490	1.7	1	10089 401
50	5573	1.7	1	5271 302
51	11399	1.7	1	10958 441
52	8327	1.7	1	8055 272
53	5031	1.7	1	4826 205
54	7280	1.7	1	6890 390
55	10731	1.7	1	10419 312
56	5464	1.7	1	5227 237
57	5736	1.7	1	5526 210
58	4763	1.7	1	4564 199
59	4939	1.7	1	4756 183
60	1768	1.7	1	1655 113
61	1766	1.7	1	1655 111
62	5211	1.7	1	5029 182
63	2467	1.7	1	2312 155
64	1645	1.7	1	1536 109
65	1642	1.7	1	1519 123
66	4658	1.7	1	4516 142
67	863	1.7	1	752 111
68	1184	1.7	1	1087 97
69	518	1.7	1	465 53
70	306	1.7	1	245 61
71	167	1.7	1	91 76
72	339	1.7	1	267 72
73	693	1.7	1	533 160
74	804	1.7	1	687 117
75	822	1.7	1	716 106
76	739	1.7	1	645 94
77	735	1.7	1	624 111
78	670	1.7	1	574 96
79	635	1.7	1	510 125
80	536	1.7	1	447 89
81	520	1.7	1	439 81
82	516	1.7	1	430 86
83	452	1.7	1	359 93
84	444	1.7	1	330 114
85	416	1.7	1	335 81
86	432	1.7	1	306 126
87	417	1.7	1	323 94
88	384	1.7	1	280 104
89	329	1.7	1	240 89
90	289	1.7	1	200 89
91	329	1.7	1	240 89
92	351	1.7	1	203 148
93	291	1.7	1	185 106
94	346	1.7	1	183 163
95	307	1.7	1	198 109
96	218	1.7	1	148 70
97	323	1.7	1	190 133
98	315	1.7	1	212 103
99	249	1.7	1	137 112
100	282	1.7	1	181 101
101	242	1.7	1	130 112
102	235	1.7	1	132 103
103	201	1.7	1	110 91
104	223	1.7	1	113 110
105	213	1.7	1	118 95
106	213	1.7	1	116 97
107	168	1.7	1	109 59
108	156	1.7	1	78 78
109	168	1.7	1	106 62
110	209	1.7	1	110 99
111	141	1.7	1	89 52
112	136	1.7	1	70 66
113	121	1.7	1	54 67
114	169	1.7	1	101 68
115	136	1.7	1	90 46
116	159	1.7	1	59 100
117	106	1.7	1	55 51
118	153	1.7	1	76 77
119	172	1.7	1	79 93
120	127	1.7	1	65 62
121	147	1.7	1	52 95
122	136	1.7	1	66 70
123	70	1.7	1	33 37
124	155	1.7	1	57 98
125	119	1.7	1	51 68
126	70	1.7	1	39 31
127	69	1.7	1	38 31
128	102	1.7	1	41 61
129	61	1.7	1	33 28
130	41	1.7	1	20 21
131	96	1.7	1	28 68
132	46	1.7	1	20 26
133	76	1.7	1	9 67
134	104	1.7	1	15 89
135	66	1.7	1	12 54
136	74	1.7	1	4 70
137	39	1.7	1	4 35
138	95	1.7	1	8 87
139	44	1.7	1	3 41
140	28	1.7	1	1 27
141	85	1.7	1	4 81
142	35	1.7	1	1 34
143	36	1.7	1	0 36
144	45	1.7	1	1 44
145	19	1.7	1	1 18
146	34	1.7	1	0 34
147	33	1.7	1	0 33
148	40	1.7	1	1 39
149	28	1.7	1	0 28
150	355	1.7	1	0 355

RUN STATISTICS FOR INPUT FILE: /srv/scratch/voineagu/PROJECTS/NMD_data/FMR1/208_L4_1.fq.gz
=============================================
117332751 sequences processed in total

