
SUMMARISING RUN PARAMETERS
==========================
Input filename: /srv/scratch/voineagu/PROJECTS/NMD_data/FMR1/209_L4_1.fq.gz
Trimming mode: paired-end
Trim Galore version: 0.6.10
Cutadapt version: 4.4
Python version: 3.11.2
Number of cores used for trimming: 12
Quality Phred score cutoff: 20
Quality encoding type selected: ASCII+33
Using Illumina adapter for trimming (count: 10599). Second best hit was smallRNA (count: 20)
Adapter sequence: 'AGATCGGAAGAGC' (Illumina TruSeq, Sanger iPCR; auto-detected)
Maximum trimming error rate: 0.1 (default)
Minimum required adapter overlap (stringency): 6 bp
Minimum required sequence length for both reads before a sequence pair gets removed: 20 bp
Running FastQC on the data once trimming has completed
Running FastQC with the following extra arguments: -t 8
Output file will be GZIP compressed


This is cutadapt 4.4 with Python 3.11.2
Command line parameters: -j 12 -e 0.1 -q 20 -O 6 -a AGATCGGAAGAGC /srv/scratch/voineagu/PROJECTS/NMD_data/FMR1/209_L4_1.fq.gz
Processing single-end reads on 12 cores ...
Finished in 667.155 s (5.254 µs/read; 11.42 M reads/minute).

=== Summary ===

Total reads processed:             126,985,654
Reads with adapters:                 1,940,199 (1.5%)
Reads written (passing filters):   126,985,654 (100.0%)

Total basepairs processed: 19,047,848,100 bp
Quality-trimmed:              15,614,914 bp (0.1%)
Total written (filtered):  18,984,636,921 bp (99.7%)

=== Adapter 1 ===

Sequence: AGATCGGAAGAGC; Type: regular 3'; Length: 13; Trimmed: 1940199 times

Minimum overlap: 6
No. of allowed errors:
1-9 bp: 0; 10-13 bp: 1

Bases preceding removed adapters:
  A: 9.5%
  C: 36.7%
  G: 37.3%
  T: 16.5%
  none/other: 0.0%

Overview of removed sequences
length	count	expect	max.err	error counts
6	79301	31002.4	0	79301
7	75188	7750.6	0	75188
8	76027	1937.6	0	76027
9	65861	484.4	0	64540 1321
10	67515	121.1	1	63586 3929
11	69226	30.3	1	64939 4287
12	65800	7.6	1	62982 2818
13	60446	1.9	1	57789 2657
14	61291	1.9	1	58263 3028
15	58668	1.9	1	56238 2430
16	57175	1.9	1	54516 2659
17	58977	1.9	1	55970 3007
18	53035	1.9	1	51101 1934
19	48391	1.9	1	46784 1607
20	50997	1.9	1	49025 1972
21	48825	1.9	1	46814 2011
22	47280	1.9	1	45605 1675
23	46796	1.9	1	45040 1756
24	43837	1.9	1	41880 1957
25	41477	1.9	1	40007 1470
26	40139	1.9	1	38882 1257
27	40930	1.9	1	39582 1348
28	38854	1.9	1	37462 1392
29	35891	1.9	1	34527 1364
30	34909	1.9	1	33837 1072
31	32027	1.9	1	30959 1068
32	34338	1.9	1	33276 1062
33	29750	1.9	1	28566 1184
34	32434	1.9	1	31271 1163
35	31050	1.9	1	30203 847
36	22166	1.9	1	21329 837
37	26770	1.9	1	25594 1176
38	24981	1.9	1	24109 872
39	22686	1.9	1	21961 725
40	20419	1.9	1	19683 736
41	20941	1.9	1	20261 680
42	22824	1.9	1	21926 898
43	20073	1.9	1	19288 785
44	16452	1.9	1	15759 693
45	28164	1.9	1	27372 792
46	5427	1.9	1	5094 333
47	13815	1.9	1	13217 598
48	25594	1.9	1	24855 739
49	12064	1.9	1	11612 452
50	5525	1.9	1	5221 304
51	15080	1.9	1	14621 459
52	10622	1.9	1	10285 337
53	5210	1.9	1	4980 230
54	9507	1.9	1	9030 477
55	15198	1.9	1	14826 372
56	6641	1.9	1	6400 241
57	6530	1.9	1	6321 209
58	4635	1.9	1	4432 203
59	6111	1.9	1	5914 197
60	1778	1.9	1	1667 111
61	2068	1.9	1	1938 130
62	6305	1.9	1	6090 215
63	2633	1.9	1	2493 140
64	1644	1.9	1	1511 133
65	1928	1.9	1	1778 150
66	5430	1.9	1	5280 150
67	727	1.9	1	638 89
68	1220	1.9	1	1133 87
69	578	1.9	1	517 61
70	413	1.9	1	356 57
71	171	1.9	1	95 76
72	384	1.9	1	295 89
73	800	1.9	1	611 189
74	993	1.9	1	890 103
75	997	1.9	1	881 116
76	935	1.9	1	860 75
77	979	1.9	1	813 166
78	843	1.9	1	733 110
79	792	1.9	1	654 138
80	698	1.9	1	571 127
81	644	1.9	1	535 109
82	570	1.9	1	471 99
83	514	1.9	1	433 81
84	517	1.9	1	407 110
85	440	1.9	1	332 108
86	492	1.9	1	369 123
87	475	1.9	1	350 125
88	437	1.9	1	325 112
89	448	1.9	1	327 121
90	363	1.9	1	257 106
91	345	1.9	1	248 97
92	351	1.9	1	218 133
93	324	1.9	1	228 96
94	354	1.9	1	222 132
95	346	1.9	1	203 143
96	252	1.9	1	168 84
97	358	1.9	1	200 158
98	258	1.9	1	159 99
99	207	1.9	1	133 74
100	261	1.9	1	149 112
101	257	1.9	1	151 106
102	273	1.9	1	117 156
103	203	1.9	1	112 91
104	229	1.9	1	117 112
105	218	1.9	1	127 91
106	178	1.9	1	91 87
107	231	1.9	1	143 88
108	183	1.9	1	78 105
109	180	1.9	1	98 82
110	216	1.9	1	99 117
111	136	1.9	1	78 58
112	170	1.9	1	92 78
113	156	1.9	1	83 73
114	150	1.9	1	79 71
115	123	1.9	1	73 50
116	168	1.9	1	59 109
117	122	1.9	1	64 58
118	100	1.9	1	55 45
119	124	1.9	1	58 66
120	146	1.9	1	66 80
121	203	1.9	1	53 150
122	131	1.9	1	48 83
123	83	1.9	1	41 42
124	159	1.9	1	43 116
125	113	1.9	1	58 55
126	63	1.9	1	27 36
127	76	1.9	1	26 50
128	72	1.9	1	30 42
129	57	1.9	1	21 36
130	50	1.9	1	19 31
131	102	1.9	1	23 79
132	48	1.9	1	21 27
133	106	1.9	1	5 101
134	93	1.9	1	11 82
135	101	1.9	1	10 91
136	80	1.9	1	6 74
137	71	1.9	1	7 64
138	82	1.9	1	8 74
139	70	1.9	1	2 68
140	60	1.9	1	3 57
141	59	1.9	1	0 59
142	50	1.9	1	1 49
143	38	1.9	1	1 37
144	44	1.9	1	0 44
145	17	1.9	1	0 17
146	42	1.9	1	0 42
147	45	1.9	1	2 43
148	39	1.9	1	2 37
149	25	1.9	1	0 25
150	315	1.9	1	0 315

RUN STATISTICS FOR INPUT FILE: /srv/scratch/voineagu/PROJECTS/NMD_data/FMR1/209_L4_1.fq.gz
=============================================
126985654 sequences processed in total

