
SUMMARISING RUN PARAMETERS
==========================
Input filename: /srv/scratch/voineagu/PROJECTS/NMD_data/FMR1/210_L4_1.fq.gz
Trimming mode: paired-end
Trim Galore version: 0.6.10
Cutadapt version: 4.4
Python version: 3.11.2
Number of cores used for trimming: 12
Quality Phred score cutoff: 20
Quality encoding type selected: ASCII+33
Using Illumina adapter for trimming (count: 15341). Second best hit was Nextera (count: 5)
Adapter sequence: 'AGATCGGAAGAGC' (Illumina TruSeq, Sanger iPCR; auto-detected)
Maximum trimming error rate: 0.1 (default)
Minimum required adapter overlap (stringency): 6 bp
Minimum required sequence length for both reads before a sequence pair gets removed: 20 bp
Running FastQC on the data once trimming has completed
Running FastQC with the following extra arguments: -t 8
Output file will be GZIP compressed


This is cutadapt 4.4 with Python 3.11.2
Command line parameters: -j 12 -e 0.1 -q 20 -O 6 -a AGATCGGAAGAGC /srv/scratch/voineagu/PROJECTS/NMD_data/FMR1/210_L4_1.fq.gz
Processing single-end reads on 12 cores ...
Finished in 576.092 s (4.302 µs/read; 13.95 M reads/minute).

=== Summary ===

Total reads processed:             133,899,581
Reads with adapters:                 2,950,020 (2.2%)
Reads written (passing filters):   133,899,581 (100.0%)

Total basepairs processed: 20,084,937,150 bp
Quality-trimmed:              19,853,325 bp (0.1%)
Total written (filtered):  19,992,945,245 bp (99.5%)

=== Adapter 1 ===

Sequence: AGATCGGAAGAGC; Type: regular 3'; Length: 13; Trimmed: 2950020 times

Minimum overlap: 6
No. of allowed errors:
1-9 bp: 0; 10-13 bp: 1

Bases preceding removed adapters:
  A: 7.0%
  C: 51.7%
  G: 22.9%
  T: 18.4%
  none/other: 0.0%

Overview of removed sequences
length	count	expect	max.err	error counts
6	116122	32690.3	0	116122
7	111260	8172.6	0	111260
8	112672	2043.1	0	112672
9	99511	510.8	0	98101 1410
10	98531	127.7	1	93980 4551
11	103011	31.9	1	96958 6053
12	99133	8.0	1	95016 4117
13	94251	2.0	1	90048 4203
14	91732	2.0	1	87343 4389
15	91908	2.0	1	87972 3936
16	86190	2.0	1	82145 4045
17	89361	2.0	1	84573 4788
18	83555	2.0	1	80554 3001
19	70623	2.0	1	68144 2479
20	78090	2.0	1	74899 3191
21	72626	2.0	1	69817 2809
22	71053	2.0	1	68402 2651
23	69578	2.0	1	66884 2694
24	69701	2.0	1	66489 3212
25	63523	2.0	1	61226 2297
26	62631	2.0	1	60575 2056
27	61701	2.0	1	59550 2151
28	56991	2.0	1	54890 2101
29	57449	2.0	1	55058 2391
30	53466	2.0	1	51901 1565
31	51705	2.0	1	49867 1838
32	50539	2.0	1	48954 1585
33	49699	2.0	1	47670 2029
34	48489	2.0	1	46737 1752
35	44689	2.0	1	42779 1910
36	41935	2.0	1	40651 1284
37	40137	2.0	1	38630 1507
38	45256	2.0	1	43279 1977
39	40025	2.0	1	38766 1259
40	27273	2.0	1	26152 1121
41	31237	2.0	1	30172 1065
42	31736	2.0	1	30601 1135
43	32669	2.0	1	31482 1187
44	28745	2.0	1	27455 1290
45	46064	2.0	1	44852 1212
46	9377	2.0	1	8747 630
47	20157	2.0	1	19320 837
48	53906	2.0	1	52646 1260
49	18110	2.0	1	17487 623
50	4922	2.0	1	4586 336
51	24976	2.0	1	24297 679
52	16694	2.0	1	16218 476
53	4964	2.0	1	4703 261
54	14619	2.0	1	13860 759
55	24391	2.0	1	23879 512
56	9019	2.0	1	8760 259
57	6687	2.0	1	6474 213
58	4975	2.0	1	4767 208
59	9121	2.0	1	8856 265
60	1365	2.0	1	1233 132
61	2190	2.0	1	2025 165
62	8415	2.0	1	8197 218
63	2200	2.0	1	2078 122
64	1549	2.0	1	1429 120
65	2498	2.0	1	2356 142
66	6423	2.0	1	6266 157
67	679	2.0	1	560 119
68	1208	2.0	1	1121 87
69	696	2.0	1	631 65
70	492	2.0	1	446 46
71	164	2.0	1	110 54
72	375	2.0	1	320 55
73	1011	2.0	1	827 184
74	1270	2.0	1	1126 144
75	1419	2.0	1	1272 147
76	1259	2.0	1	1172 87
77	1324	2.0	1	1141 183
78	1044	2.0	1	949 95
79	983	2.0	1	853 130
80	803	2.0	1	731 72
81	821	2.0	1	713 108
82	846	2.0	1	660 186
83	667	2.0	1	571 96
84	652	2.0	1	486 166
85	652	2.0	1	501 151
86	564	2.0	1	473 91
87	577	2.0	1	476 101
88	536	2.0	1	457 79
89	447	2.0	1	359 88
90	463	2.0	1	363 100
91	400	2.0	1	328 72
92	383	2.0	1	253 130
93	373	2.0	1	265 108
94	333	2.0	1	243 90
95	369	2.0	1	240 129
96	312	2.0	1	225 87
97	402	2.0	1	206 196
98	247	2.0	1	196 51
99	271	2.0	1	178 93
100	301	2.0	1	203 98
101	226	2.0	1	157 69
102	275	2.0	1	181 94
103	219	2.0	1	128 91
104	252	2.0	1	140 112
105	189	2.0	1	133 56
106	164	2.0	1	114 50
107	200	2.0	1	125 75
108	212	2.0	1	102 110
109	183	2.0	1	117 66
110	155	2.0	1	99 56
111	167	2.0	1	98 69
112	163	2.0	1	93 70
113	152	2.0	1	91 61
114	163	2.0	1	109 54
115	133	2.0	1	99 34
116	178	2.0	1	69 109
117	82	2.0	1	60 22
118	109	2.0	1	61 48
119	119	2.0	1	80 39
120	168	2.0	1	55 113
121	279	2.0	1	82 197
122	126	2.0	1	58 68
123	105	2.0	1	58 47
124	119	2.0	1	46 73
125	109	2.0	1	71 38
126	87	2.0	1	49 38
127	136	2.0	1	57 79
128	82	2.0	1	41 41
129	68	2.0	1	37 31
130	55	2.0	1	29 26
131	52	2.0	1	22 30
132	38	2.0	1	23 15
133	95	2.0	1	21 74
134	42	2.0	1	9 33
135	60	2.0	1	9 51
136	59	2.0	1	4 55
137	52	2.0	1	5 47
138	103	2.0	1	8 95
139	42	2.0	1	7 35
140	61	2.0	1	1 60
141	62	2.0	1	5 57
142	78	2.0	1	1 77
143	31	2.0	1	0 31
144	57	2.0	1	1 56
145	48	2.0	1	2 46
146	45	2.0	1	0 45
147	25	2.0	1	2 23
148	41	2.0	1	0 41
149	56	2.0	1	0 56
150	530	2.0	1	0 530

RUN STATISTICS FOR INPUT FILE: /srv/scratch/voineagu/PROJECTS/NMD_data/FMR1/210_L4_1.fq.gz
=============================================
133899581 sequences processed in total

