
SUMMARISING RUN PARAMETERS
==========================
Input filename: /srv/scratch/voineagu/PROJECTS/NMD_data/FMR1/23-LDJ6767_L3_2.fq.gz
Trimming mode: paired-end
Trim Galore version: 0.6.10
Cutadapt version: 4.4
Python version: 3.11.2
Number of cores used for trimming: 12
Quality Phred score cutoff: 20
Quality encoding type selected: ASCII+33
Using Illumina adapter for trimming (count: 21192). Second best hit was smallRNA (count: 16)
Adapter sequence: 'AGATCGGAAGAGC' (Illumina TruSeq, Sanger iPCR; auto-detected)
Maximum trimming error rate: 0.1 (default)
Minimum required adapter overlap (stringency): 6 bp
Minimum required sequence length for both reads before a sequence pair gets removed: 20 bp
Running FastQC on the data once trimming has completed
Running FastQC with the following extra arguments: -t 8
Output file will be GZIP compressed


This is cutadapt 4.4 with Python 3.11.2
Command line parameters: -j 12 -e 0.1 -q 20 -O 6 -a AGATCGGAAGAGC /srv/scratch/voineagu/PROJECTS/NMD_data/FMR1/23-LDJ6767_L3_2.fq.gz
Processing single-end reads on 12 cores ...
Finished in 481.484 s (4.314 µs/read; 13.91 M reads/minute).

=== Summary ===

Total reads processed:             111,622,127
Reads with adapters:                 3,319,439 (3.0%)
Reads written (passing filters):   111,622,127 (100.0%)

Total basepairs processed: 16,743,319,050 bp
Quality-trimmed:              22,518,265 bp (0.1%)
Total written (filtered):  16,625,918,017 bp (99.3%)

=== Adapter 1 ===

Sequence: AGATCGGAAGAGC; Type: regular 3'; Length: 13; Trimmed: 3319439 times

Minimum overlap: 6
No. of allowed errors:
1-9 bp: 0; 10-13 bp: 1

Bases preceding removed adapters:
  A: 11.4%
  C: 43.9%
  G: 33.4%
  T: 11.3%
  none/other: 0.0%

Overview of removed sequences
length	count	expect	max.err	error counts
6	127015	27251.5	0	127015
7	120957	6812.9	0	120957
8	118985	1703.2	0	118985
9	97683	425.8	0	94916 2767
10	107799	106.5	1	101558 6241
11	103425	26.6	1	98262 5163
12	101226	6.7	1	97497 3729
13	93417	1.7	1	90672 2745
14	98088	1.7	1	94746 3342
15	87268	1.7	1	84827 2441
16	87577	1.7	1	84803 2774
17	96165	1.7	1	93202 2963
18	72101	1.7	1	70094 2007
19	91525	1.7	1	88606 2919
20	72824	1.7	1	70945 1879
21	69829	1.7	1	68066 1763
22	72046	1.7	1	70066 1980
23	70590	1.7	1	68520 2070
24	77178	1.7	1	74504 2674
25	74227	1.7	1	72459 1768
26	54926	1.7	1	53421 1505
27	56029	1.7	1	54409 1620
28	59734	1.7	1	58109 1625
29	56635	1.7	1	55202 1433
30	55786	1.7	1	54252 1534
31	52217	1.7	1	50917 1300
32	52183	1.7	1	50789 1394
33	48697	1.7	1	47430 1267
34	50213	1.7	1	48543 1670
35	44820	1.7	1	43781 1039
36	43298	1.7	1	42165 1133
37	42965	1.7	1	41822 1143
38	40398	1.7	1	39359 1039
39	38611	1.7	1	37433 1178
40	35627	1.7	1	34784 843
41	35532	1.7	1	34513 1019
42	36502	1.7	1	35394 1108
43	30128	1.7	1	29425 703
44	32733	1.7	1	31792 941
45	29757	1.7	1	28959 798
46	30840	1.7	1	30078 762
47	26320	1.7	1	25570 750
48	25336	1.7	1	24580 756
49	29002	1.7	1	28299 703
50	20463	1.7	1	19848 615
51	23287	1.7	1	22669 618
52	19331	1.7	1	18781 550
53	20482	1.7	1	19912 570
54	22744	1.7	1	22182 562
55	15222	1.7	1	14837 385
56	17813	1.7	1	17317 496
57	22258	1.7	1	21606 652
58	13381	1.7	1	12963 418
59	12709	1.7	1	12310 399
60	16383	1.7	1	15875 508
61	11990	1.7	1	11550 440
62	12769	1.7	1	12301 468
63	22413	1.7	1	21830 583
64	7425	1.7	1	6983 442
65	8644	1.7	1	8347 297
66	9792	1.7	1	9507 285
67	9533	1.7	1	9199 334
68	9943	1.7	1	9619 324
69	7883	1.7	1	7599 284
70	9290	1.7	1	9030 260
71	7728	1.7	1	7521 207
72	7983	1.7	1	7643 340
73	10542	1.7	1	10226 316
74	9336	1.7	1	9081 255
75	6524	1.7	1	6234 290
76	2330	1.7	1	2175 155
77	3449	1.7	1	3184 265
78	5025	1.7	1	4718 307
79	5036	1.7	1	4797 239
80	5015	1.7	1	4767 248
81	4680	1.7	1	4436 244
82	4314	1.7	1	4115 199
83	4546	1.7	1	4282 264
84	4230	1.7	1	3986 244
85	3991	1.7	1	3774 217
86	3813	1.7	1	3584 229
87	3778	1.7	1	3529 249
88	3433	1.7	1	3195 238
89	3507	1.7	1	3313 194
90	3116	1.7	1	2928 188
91	2844	1.7	1	2659 185
92	2802	1.7	1	2582 220
93	2756	1.7	1	2494 262
94	2476	1.7	1	2252 224
95	2431	1.7	1	2248 183
96	2294	1.7	1	2112 182
97	2149	1.7	1	1998 151
98	2246	1.7	1	1982 264
99	2250	1.7	1	1979 271
100	2068	1.7	1	1860 208
101	1904	1.7	1	1690 214
102	1849	1.7	1	1664 185
103	1734	1.7	1	1504 230
104	1553	1.7	1	1349 204
105	1528	1.7	1	1369 159
106	1507	1.7	1	1331 176
107	1413	1.7	1	1278 135
108	1341	1.7	1	1195 146
109	1408	1.7	1	1250 158
110	1311	1.7	1	1138 173
111	1182	1.7	1	1025 157
112	1171	1.7	1	973 198
113	1050	1.7	1	888 162
114	920	1.7	1	799 121
115	786	1.7	1	703 83
116	880	1.7	1	744 136
117	775	1.7	1	643 132
118	843	1.7	1	714 129
119	742	1.7	1	599 143
120	660	1.7	1	560 100
121	638	1.7	1	505 133
122	553	1.7	1	441 112
123	443	1.7	1	306 137
124	338	1.7	1	208 130
125	360	1.7	1	201 159
126	316	1.7	1	165 151
127	300	1.7	1	170 130
128	299	1.7	1	157 142
129	245	1.7	1	143 102
130	270	1.7	1	90 180
131	168	1.7	1	73 95
132	176	1.7	1	63 113
133	143	1.7	1	50 93
134	134	1.7	1	56 78
135	148	1.7	1	62 86
136	129	1.7	1	54 75
137	150	1.7	1	58 92
138	150	1.7	1	63 87
139	106	1.7	1	46 60
140	72	1.7	1	43 29
141	133	1.7	1	35 98
142	130	1.7	1	28 102
143	92	1.7	1	26 66
144	46	1.7	1	22 24
145	110	1.7	1	52 58
146	68	1.7	1	26 42
147	148	1.7	1	23 125
148	104	1.7	1	22 82
149	135	1.7	1	4 131
150	117	1.7	1	25 92

RUN STATISTICS FOR INPUT FILE: /srv/scratch/voineagu/PROJECTS/NMD_data/FMR1/23-LDJ6767_L3_2.fq.gz
=============================================
111622127 sequences processed in total

Total number of sequences analysed for the sequence pair length validation: 111622127

Number of sequence pairs removed because at least one read was shorter than the length cutoff (20 bp): 22708 (0.02%)
