
SUMMARISING RUN PARAMETERS
==========================
Input filename: /srv/scratch/voineagu/PROJECTS/NMD_data/FMR1/23-LDJ6767_L3_1.fq.gz
Trimming mode: paired-end
Trim Galore version: 0.6.10
Cutadapt version: 4.4
Python version: 3.11.2
Number of cores used for trimming: 12
Quality Phred score cutoff: 20
Quality encoding type selected: ASCII+33
Using Illumina adapter for trimming (count: 21192). Second best hit was smallRNA (count: 16)
Adapter sequence: 'AGATCGGAAGAGC' (Illumina TruSeq, Sanger iPCR; auto-detected)
Maximum trimming error rate: 0.1 (default)
Minimum required adapter overlap (stringency): 6 bp
Minimum required sequence length for both reads before a sequence pair gets removed: 20 bp
Running FastQC on the data once trimming has completed
Running FastQC with the following extra arguments: -t 8
Output file will be GZIP compressed


This is cutadapt 4.4 with Python 3.11.2
Command line parameters: -j 12 -e 0.1 -q 20 -O 6 -a AGATCGGAAGAGC /srv/scratch/voineagu/PROJECTS/NMD_data/FMR1/23-LDJ6767_L3_1.fq.gz
Processing single-end reads on 12 cores ...
Finished in 479.790 s (4.298 µs/read; 13.96 M reads/minute).

=== Summary ===

Total reads processed:             111,622,127
Reads with adapters:                 3,284,148 (2.9%)
Reads written (passing filters):   111,622,127 (100.0%)

Total basepairs processed: 16,743,319,050 bp
Quality-trimmed:              10,405,485 bp (0.1%)
Total written (filtered):  16,639,641,679 bp (99.4%)

=== Adapter 1 ===

Sequence: AGATCGGAAGAGC; Type: regular 3'; Length: 13; Trimmed: 3284148 times

Minimum overlap: 6
No. of allowed errors:
1-9 bp: 0; 10-13 bp: 1

Bases preceding removed adapters:
  A: 12.7%
  C: 38.4%
  G: 31.0%
  T: 18.0%
  none/other: 0.0%

Overview of removed sequences
length	count	expect	max.err	error counts
6	120082	27251.5	0	120082
7	112984	6812.9	0	112984
8	114106	1703.2	0	114106
9	103302	425.8	0	101716 1586
10	104533	106.5	1	100736 3797
11	103763	26.6	1	100270 3493
12	99860	6.7	1	97147 2713
13	94618	1.7	1	91950 2668
14	94379	1.7	1	91613 2766
15	90934	1.7	1	88266 2668
16	88262	1.7	1	85600 2662
17	86715	1.7	1	83862 2853
18	84625	1.7	1	82401 2224
19	77523	1.7	1	75581 1942
20	78849	1.7	1	76776 2073
21	74453	1.7	1	72600 1853
22	72772	1.7	1	70899 1873
23	70819	1.7	1	68987 1832
24	69773	1.7	1	67667 2106
25	64869	1.7	1	63157 1712
26	64769	1.7	1	63087 1682
27	61927	1.7	1	60417 1510
28	58644	1.7	1	57036 1608
29	58302	1.7	1	56746 1556
30	54896	1.7	1	53623 1273
31	52492	1.7	1	51275 1217
32	51559	1.7	1	50273 1286
33	49509	1.7	1	48158 1351
34	47881	1.7	1	46500 1381
35	46428	1.7	1	45038 1390
36	43277	1.7	1	42101 1176
37	43885	1.7	1	42591 1294
38	39196	1.7	1	38302 894
39	40286	1.7	1	39126 1160
40	40103	1.7	1	39111 992
41	30488	1.7	1	29689 799
42	35455	1.7	1	34503 952
43	31851	1.7	1	30876 975
44	31979	1.7	1	30969 1010
45	46732	1.7	1	45926 806
46	11685	1.7	1	11182 503
47	24962	1.7	1	24324 638
48	28823	1.7	1	28015 808
49	24302	1.7	1	23703 599
50	21639	1.7	1	21023 616
51	24937	1.7	1	24271 666
52	21434	1.7	1	20896 538
53	18249	1.7	1	17695 554
54	19208	1.7	1	18578 630
55	22049	1.7	1	21370 679
56	17012	1.7	1	16515 497
57	19673	1.7	1	19165 508
58	16498	1.7	1	16062 436
59	16086	1.7	1	15673 413
60	12132	1.7	1	11830 302
61	8950	1.7	1	8634 316
62	15976	1.7	1	15561 415
63	14792	1.7	1	14433 359
64	8657	1.7	1	8410 247
65	8430	1.7	1	8088 342
66	19418	1.7	1	18968 450
67	9592	1.7	1	9292 300
68	14408	1.7	1	14108 300
69	8509	1.7	1	8263 246
70	6971	1.7	1	6810 161
71	611	1.7	1	477 134
72	1273	1.7	1	1128 145
73	4142	1.7	1	3916 226
74	5637	1.7	1	5397 240
75	6205	1.7	1	5993 212
76	5868	1.7	1	5608 260
77	5585	1.7	1	5362 223
78	5533	1.7	1	5305 228
79	5286	1.7	1	5052 234
80	5034	1.7	1	4836 198
81	4758	1.7	1	4563 195
82	4316	1.7	1	4128 188
83	4266	1.7	1	4108 158
84	4072	1.7	1	3888 184
85	3740	1.7	1	3538 202
86	3688	1.7	1	3509 179
87	3628	1.7	1	3448 180
88	3283	1.7	1	3100 183
89	3405	1.7	1	3256 149
90	3011	1.7	1	2826 185
91	2772	1.7	1	2634 138
92	2707	1.7	1	2529 178
93	2547	1.7	1	2412 135
94	2284	1.7	1	2136 148
95	2360	1.7	1	2202 158
96	2199	1.7	1	2080 119
97	2037	1.7	1	1902 135
98	1973	1.7	1	1840 133
99	2010	1.7	1	1879 131
100	1857	1.7	1	1733 124
101	1723	1.7	1	1608 115
102	1763	1.7	1	1617 146
103	1568	1.7	1	1433 135
104	1425	1.7	1	1300 125
105	1379	1.7	1	1271 108
106	1350	1.7	1	1251 99
107	1301	1.7	1	1212 89
108	1255	1.7	1	1128 127
109	1251	1.7	1	1149 102
110	1208	1.7	1	1092 116
111	1036	1.7	1	948 88
112	977	1.7	1	899 78
113	931	1.7	1	825 106
114	838	1.7	1	733 105
115	683	1.7	1	635 48
116	755	1.7	1	663 92
117	660	1.7	1	586 74
118	717	1.7	1	623 94
119	651	1.7	1	536 115
120	610	1.7	1	520 90
121	586	1.7	1	451 135
122	477	1.7	1	390 87
123	294	1.7	1	254 40
124	246	1.7	1	181 65
125	218	1.7	1	149 69
126	187	1.7	1	122 65
127	208	1.7	1	136 72
128	204	1.7	1	135 69
129	205	1.7	1	117 88
130	114	1.7	1	71 43
131	123	1.7	1	65 58
132	80	1.7	1	54 26
133	158	1.7	1	40 118
134	138	1.7	1	47 91
135	143	1.7	1	56 87
136	81	1.7	1	49 32
137	97	1.7	1	53 44
138	106	1.7	1	58 48
139	110	1.7	1	41 69
140	64	1.7	1	42 22
141	85	1.7	1	38 47
142	112	1.7	1	27 85
143	67	1.7	1	26 41
144	55	1.7	1	22 33
145	75	1.7	1	50 25
146	57	1.7	1	27 30
147	61	1.7	1	22 39
148	59	1.7	1	22 37
149	46	1.7	1	5 41
150	252	1.7	1	24 228

RUN STATISTICS FOR INPUT FILE: /srv/scratch/voineagu/PROJECTS/NMD_data/FMR1/23-LDJ6767_L3_1.fq.gz
=============================================
111622127 sequences processed in total

