
SUMMARISING RUN PARAMETERS
==========================
Input filename: /srv/scratch/voineagu/PROJECTS/NMD_data/FMR1/24-LDJ6768_L3_2.fq.gz
Trimming mode: paired-end
Trim Galore version: 0.6.10
Cutadapt version: 4.4
Python version: 3.11.2
Number of cores used for trimming: 12
Quality Phred score cutoff: 20
Quality encoding type selected: ASCII+33
Using Illumina adapter for trimming (count: 24721). Second best hit was smallRNA (count: 5)
Adapter sequence: 'AGATCGGAAGAGC' (Illumina TruSeq, Sanger iPCR; auto-detected)
Maximum trimming error rate: 0.1 (default)
Minimum required adapter overlap (stringency): 6 bp
Minimum required sequence length for both reads before a sequence pair gets removed: 20 bp
Running FastQC on the data once trimming has completed
Running FastQC with the following extra arguments: -t 8
Output file will be GZIP compressed


This is cutadapt 4.4 with Python 3.11.2
Command line parameters: -j 12 -e 0.1 -q 20 -O 6 -a AGATCGGAAGAGC /srv/scratch/voineagu/PROJECTS/NMD_data/FMR1/24-LDJ6768_L3_2.fq.gz
Processing single-end reads on 12 cores ...
Finished in 369.835 s (4.255 µs/read; 14.10 M reads/minute).

=== Summary ===

Total reads processed:              86,920,750
Reads with adapters:                 2,949,838 (3.4%)
Reads written (passing filters):    86,920,750 (100.0%)

Total basepairs processed: 13,038,112,500 bp
Quality-trimmed:              19,682,268 bp (0.2%)
Total written (filtered):  12,933,876,065 bp (99.2%)

=== Adapter 1 ===

Sequence: AGATCGGAAGAGC; Type: regular 3'; Length: 13; Trimmed: 2949838 times

Minimum overlap: 6
No. of allowed errors:
1-9 bp: 0; 10-13 bp: 1

Bases preceding removed adapters:
  A: 12.4%
  C: 43.4%
  G: 31.8%
  T: 12.4%
  none/other: 0.0%

Overview of removed sequences
length	count	expect	max.err	error counts
6	106885	21220.9	0	106885
7	104223	5305.2	0	104223
8	102556	1326.3	0	102556
9	84786	331.6	0	83014 1772
10	92954	82.9	1	88002 4952
11	88995	20.7	1	84922 4073
12	87412	5.2	1	84407 3005
13	82598	1.3	1	80087 2511
14	85475	1.3	1	82444 3031
15	76382	1.3	1	74236 2146
16	76775	1.3	1	74509 2266
17	84976	1.3	1	82420 2556
18	62732	1.3	1	61051 1681
19	80646	1.3	1	78032 2614
20	64138	1.3	1	62384 1754
21	61189	1.3	1	59690 1499
22	64502	1.3	1	62811 1691
23	63578	1.3	1	61842 1736
24	69148	1.3	1	66830 2318
25	66911	1.3	1	65417 1494
26	48884	1.3	1	47620 1264
27	51206	1.3	1	49832 1374
28	54486	1.3	1	53035 1451
29	50726	1.3	1	49543 1183
30	50262	1.3	1	48959 1303
31	47410	1.3	1	46306 1104
32	47281	1.3	1	45961 1320
33	44214	1.3	1	43103 1111
34	45882	1.3	1	44445 1437
35	41203	1.3	1	40204 999
36	39602	1.3	1	38631 971
37	39295	1.3	1	38303 992
38	36918	1.3	1	36053 865
39	36120	1.3	1	35020 1100
40	33408	1.3	1	32600 808
41	33134	1.3	1	32231 903
42	33341	1.3	1	32399 942
43	28916	1.3	1	28289 627
44	30923	1.3	1	30089 834
45	27739	1.3	1	27033 706
46	29004	1.3	1	28291 713
47	24744	1.3	1	24156 588
48	23348	1.3	1	22786 562
49	26390	1.3	1	25687 703
50	19074	1.3	1	18576 498
51	21502	1.3	1	21086 416
52	18623	1.3	1	18097 526
53	18968	1.3	1	18445 523
54	20760	1.3	1	20218 542
55	15232	1.3	1	14903 329
56	16596	1.3	1	16130 466
57	22119	1.3	1	21502 617
58	11747	1.3	1	11396 351
59	11720	1.3	1	11407 313
60	15969	1.3	1	15546 423
61	10000	1.3	1	9691 309
62	11837	1.3	1	11458 379
63	21481	1.3	1	20976 505
64	6454	1.3	1	6044 410
65	7452	1.3	1	7194 258
66	8668	1.3	1	8497 171
67	9260	1.3	1	8951 309
68	8718	1.3	1	8443 275
69	6875	1.3	1	6702 173
70	8269	1.3	1	8047 222
71	6686	1.3	1	6495 191
72	7094	1.3	1	6733 361
73	9438	1.3	1	9108 330
74	8244	1.3	1	8037 207
75	5619	1.3	1	5401 218
76	1876	1.3	1	1781 95
77	3085	1.3	1	2923 162
78	4412	1.3	1	4189 223
79	4234	1.3	1	4041 193
80	4154	1.3	1	3957 197
81	3755	1.3	1	3587 168
82	3641	1.3	1	3454 187
83	3819	1.3	1	3623 196
84	3602	1.3	1	3384 218
85	3218	1.3	1	3059 159
86	3088	1.3	1	2938 150
87	3002	1.3	1	2800 202
88	2810	1.3	1	2644 166
89	2786	1.3	1	2609 177
90	2639	1.3	1	2482 157
91	2352	1.3	1	2209 143
92	2281	1.3	1	2121 160
93	2048	1.3	1	1902 146
94	1930	1.3	1	1771 159
95	1820	1.3	1	1684 136
96	1839	1.3	1	1703 136
97	1736	1.3	1	1596 140
98	1728	1.3	1	1554 174
99	1699	1.3	1	1540 159
100	1587	1.3	1	1434 153
101	1469	1.3	1	1331 138
102	1285	1.3	1	1138 147
103	1231	1.3	1	1079 152
104	1120	1.3	1	923 197
105	1076	1.3	1	944 132
106	1048	1.3	1	882 166
107	987	1.3	1	894 93
108	986	1.3	1	890 96
109	918	1.3	1	835 83
110	893	1.3	1	796 97
111	898	1.3	1	768 130
112	807	1.3	1	679 128
113	685	1.3	1	603 82
114	637	1.3	1	555 82
115	579	1.3	1	516 63
116	619	1.3	1	523 96
117	580	1.3	1	471 109
118	544	1.3	1	458 86
119	543	1.3	1	440 103
120	465	1.3	1	390 75
121	391	1.3	1	316 75
122	331	1.3	1	240 91
123	281	1.3	1	201 80
124	240	1.3	1	138 102
125	215	1.3	1	139 76
126	207	1.3	1	110 97
127	157	1.3	1	92 65
128	165	1.3	1	95 70
129	129	1.3	1	66 63
130	184	1.3	1	55 129
131	132	1.3	1	38 94
132	100	1.3	1	27 73
133	75	1.3	1	29 46
134	74	1.3	1	20 54
135	69	1.3	1	26 43
136	69	1.3	1	24 45
137	68	1.3	1	22 46
138	59	1.3	1	19 40
139	45	1.3	1	23 22
140	41	1.3	1	13 28
141	94	1.3	1	17 77
142	46	1.3	1	12 34
143	34	1.3	1	17 17
144	18	1.3	1	5 13
145	65	1.3	1	25 40
146	30	1.3	1	8 22
147	94	1.3	1	18 76
148	57	1.3	1	7 50
149	63	1.3	1	4 59
150	92	1.3	1	10 82

RUN STATISTICS FOR INPUT FILE: /srv/scratch/voineagu/PROJECTS/NMD_data/FMR1/24-LDJ6768_L3_2.fq.gz
=============================================
86920750 sequences processed in total

Total number of sequences analysed for the sequence pair length validation: 86920750

Number of sequence pairs removed because at least one read was shorter than the length cutoff (20 bp): 16934 (0.02%)
