
SUMMARISING RUN PARAMETERS
==========================
Input filename: /srv/scratch/voineagu/PROJECTS/NMD_data/FMR1/24-LDJ6768_L3_1.fq.gz
Trimming mode: paired-end
Trim Galore version: 0.6.10
Cutadapt version: 4.4
Python version: 3.11.2
Number of cores used for trimming: 12
Quality Phred score cutoff: 20
Quality encoding type selected: ASCII+33
Using Illumina adapter for trimming (count: 24721). Second best hit was smallRNA (count: 5)
Adapter sequence: 'AGATCGGAAGAGC' (Illumina TruSeq, Sanger iPCR; auto-detected)
Maximum trimming error rate: 0.1 (default)
Minimum required adapter overlap (stringency): 6 bp
Minimum required sequence length for both reads before a sequence pair gets removed: 20 bp
Running FastQC on the data once trimming has completed
Running FastQC with the following extra arguments: -t 8
Output file will be GZIP compressed


This is cutadapt 4.4 with Python 3.11.2
Command line parameters: -j 12 -e 0.1 -q 20 -O 6 -a AGATCGGAAGAGC /srv/scratch/voineagu/PROJECTS/NMD_data/FMR1/24-LDJ6768_L3_1.fq.gz
Processing single-end reads on 12 cores ...
Finished in 372.702 s (4.288 µs/read; 13.99 M reads/minute).

=== Summary ===

Total reads processed:              86,920,750
Reads with adapters:                 2,927,538 (3.4%)
Reads written (passing filters):    86,920,750 (100.0%)

Total basepairs processed: 13,038,112,500 bp
Quality-trimmed:               9,277,471 bp (0.1%)
Total written (filtered):  12,945,397,531 bp (99.3%)

=== Adapter 1 ===

Sequence: AGATCGGAAGAGC; Type: regular 3'; Length: 13; Trimmed: 2927538 times

Minimum overlap: 6
No. of allowed errors:
1-9 bp: 0; 10-13 bp: 1

Bases preceding removed adapters:
  A: 13.5%
  C: 38.3%
  G: 30.2%
  T: 17.9%
  none/other: 0.0%

Overview of removed sequences
length	count	expect	max.err	error counts
6	102917	21220.9	0	102917
7	98556	5305.2	0	98556
8	97782	1326.3	0	97782
9	90331	331.6	0	89068 1263
10	90668	82.9	1	87300 3368
11	89580	20.7	1	86625 2955
12	86658	5.2	1	84109 2549
13	83664	1.3	1	81086 2578
14	82067	1.3	1	79549 2518
15	79451	1.3	1	77000 2451
16	77809	1.3	1	75262 2547
17	76888	1.3	1	74203 2685
18	72912	1.3	1	70836 2076
19	68705	1.3	1	66937 1768
20	69382	1.3	1	67576 1806
21	65769	1.3	1	64026 1743
22	64891	1.3	1	63114 1777
23	64411	1.3	1	62649 1762
24	62357	1.3	1	60433 1924
25	59335	1.3	1	57800 1535
26	57227	1.3	1	55770 1457
27	56191	1.3	1	54707 1484
28	53534	1.3	1	52049 1485
29	52849	1.3	1	51343 1506
30	49554	1.3	1	48405 1149
31	47514	1.3	1	46330 1184
32	47029	1.3	1	45784 1245
33	47662	1.3	1	46307 1355
34	40929	1.3	1	39858 1071
35	42021	1.3	1	40971 1050
36	39856	1.3	1	38868 988
37	38702	1.3	1	37714 988
38	38659	1.3	1	37598 1061
39	35051	1.3	1	34097 954
40	34446	1.3	1	33449 997
41	33158	1.3	1	32281 877
42	32380	1.3	1	31465 915
43	32331	1.3	1	31361 970
44	28134	1.3	1	27295 839
45	44877	1.3	1	44116 761
46	9878	1.3	1	9413 465
47	24025	1.3	1	23416 609
48	27169	1.3	1	26374 795
49	22329	1.3	1	21795 534
50	19616	1.3	1	19105 511
51	23482	1.3	1	22853 629
52	20035	1.3	1	19517 518
53	16841	1.3	1	16378 463
54	18265	1.3	1	17652 613
55	21287	1.3	1	20676 611
56	15865	1.3	1	15428 437
57	19156	1.3	1	18671 485
58	14701	1.3	1	14334 367
59	15243	1.3	1	14876 367
60	10936	1.3	1	10685 251
61	7832	1.3	1	7586 246
62	15000	1.3	1	14583 417
63	13667	1.3	1	13384 283
64	7952	1.3	1	7737 215
65	7491	1.3	1	7194 297
66	18376	1.3	1	17968 408
67	8477	1.3	1	8196 281
68	12602	1.3	1	12348 254
69	7489	1.3	1	7305 184
70	6071	1.3	1	5951 120
71	516	1.3	1	437 79
72	1191	1.3	1	1073 118
73	3753	1.3	1	3582 171
74	5046	1.3	1	4819 227
75	5379	1.3	1	5183 196
76	5145	1.3	1	4968 177
77	5100	1.3	1	4880 220
78	4859	1.3	1	4664 195
79	4427	1.3	1	4229 198
80	4243	1.3	1	4073 170
81	3805	1.3	1	3641 164
82	3597	1.3	1	3442 155
83	3663	1.3	1	3542 121
84	3410	1.3	1	3269 141
85	3099	1.3	1	2951 148
86	3001	1.3	1	2864 137
87	2898	1.3	1	2778 120
88	2759	1.3	1	2608 151
89	2685	1.3	1	2548 137
90	2563	1.3	1	2448 115
91	2348	1.3	1	2220 128
92	2175	1.3	1	2061 114
93	1932	1.3	1	1829 103
94	1855	1.3	1	1753 102
95	1769	1.3	1	1656 113
96	1740	1.3	1	1651 89
97	1653	1.3	1	1537 116
98	1555	1.3	1	1477 78
99	1515	1.3	1	1418 97
100	1438	1.3	1	1359 79
101	1371	1.3	1	1284 87
102	1187	1.3	1	1087 100
103	1112	1.3	1	1024 88
104	1000	1.3	1	912 88
105	943	1.3	1	882 61
106	905	1.3	1	821 84
107	904	1.3	1	839 65
108	887	1.3	1	818 69
109	837	1.3	1	772 65
110	812	1.3	1	744 68
111	771	1.3	1	688 83
112	663	1.3	1	593 70
113	617	1.3	1	540 77
114	552	1.3	1	505 47
115	509	1.3	1	440 69
116	546	1.3	1	469 77
117	467	1.3	1	427 40
118	493	1.3	1	431 62
119	438	1.3	1	393 45
120	408	1.3	1	349 59
121	378	1.3	1	279 99
122	262	1.3	1	203 59
123	212	1.3	1	176 36
124	165	1.3	1	109 56
125	162	1.3	1	111 51
126	118	1.3	1	85 33
127	136	1.3	1	79 57
128	138	1.3	1	78 60
129	111	1.3	1	61 50
130	81	1.3	1	49 32
131	87	1.3	1	33 54
132	54	1.3	1	25 29
133	71	1.3	1	27 44
134	65	1.3	1	20 45
135	58	1.3	1	23 35
136	38	1.3	1	21 17
137	67	1.3	1	21 46
138	51	1.3	1	20 31
139	62	1.3	1	20 42
140	41	1.3	1	12 29
141	58	1.3	1	16 42
142	56	1.3	1	11 45
143	41	1.3	1	18 23
144	17	1.3	1	3 14
145	38	1.3	1	25 13
146	17	1.3	1	7 10
147	57	1.3	1	17 40
148	17	1.3	1	7 10
149	38	1.3	1	4 34
150	279	1.3	1	10 269

RUN STATISTICS FOR INPUT FILE: /srv/scratch/voineagu/PROJECTS/NMD_data/FMR1/24-LDJ6768_L3_1.fq.gz
=============================================
86920750 sequences processed in total

