
SUMMARISING RUN PARAMETERS
==========================
Input filename: /srv/scratch/voineagu/PROJECTS/NMD_data/FMR1/4-MC21-60895-LEJ5126_L2_2.fq.gz
Trimming mode: paired-end
Trim Galore version: 0.6.10
Cutadapt version: 4.4
Python version: 3.11.2
Number of cores used for trimming: 12
Quality Phred score cutoff: 20
Quality encoding type selected: ASCII+33
Using Illumina adapter for trimming (count: 110489). Second best hit was smallRNA (count: 18)
Adapter sequence: 'AGATCGGAAGAGC' (Illumina TruSeq, Sanger iPCR; auto-detected)
Maximum trimming error rate: 0.1 (default)
Minimum required adapter overlap (stringency): 6 bp
Minimum required sequence length for both reads before a sequence pair gets removed: 20 bp
Running FastQC on the data once trimming has completed
Running FastQC with the following extra arguments: -t 8
Output file will be GZIP compressed


This is cutadapt 4.4 with Python 3.11.2
Command line parameters: -j 12 -e 0.1 -q 20 -O 6 -a AGATCGGAAGAGC /srv/scratch/voineagu/PROJECTS/NMD_data/FMR1/4-MC21-60895-LEJ5126_L2_2.fq.gz
Processing single-end reads on 12 cores ...
Finished in 549.809 s (5.142 µs/read; 11.67 M reads/minute).

=== Summary ===

Total reads processed:             106,929,164
Reads with adapters:                15,331,815 (14.3%)
Reads written (passing filters):   106,929,164 (100.0%)

Total basepairs processed: 16,039,374,600 bp
Quality-trimmed:              50,363,391 bp (0.3%)
Total written (filtered):  15,559,873,128 bp (97.0%)

=== Adapter 1 ===

Sequence: AGATCGGAAGAGC; Type: regular 3'; Length: 13; Trimmed: 15331815 times

Minimum overlap: 6
No. of allowed errors:
1-9 bp: 0; 10-13 bp: 1

Bases preceding removed adapters:
  A: 13.6%
  C: 45.7%
  G: 31.0%
  T: 9.7%
  none/other: 0.0%

Overview of removed sequences
length	count	expect	max.err	error counts
6	467076	26105.8	0	467076
7	468880	6526.4	0	468880
8	511618	1631.6	0	511618
9	365877	407.9	0	363421 2456
10	451624	102.0	1	419165 32459
11	462243	25.5	1	427544 34699
12	477426	6.4	1	444384 33042
13	443927	1.6	1	415492 28435
14	483548	1.6	1	448190 35358
15	406339	1.6	1	381615 24724
16	416236	1.6	1	389549 26687
17	461571	1.6	1	430698 30873
18	295602	1.6	1	279039 16563
19	431618	1.6	1	403321 28297
20	313215	1.6	1	294452 18763
21	330088	1.6	1	310404 19684
22	349670	1.6	1	329391 20279
23	353455	1.6	1	333271 20184
24	390018	1.6	1	363944 26074
25	387055	1.6	1	365569 21486
26	280026	1.6	1	262582 17444
27	287429	1.6	1	270285 17144
28	280594	1.6	1	266035 14559
29	268288	1.6	1	252948 15340
30	266541	1.6	1	251887 14654
31	238573	1.6	1	226863 11710
32	257122	1.6	1	244041 13081
33	258946	1.6	1	246226 12720
34	265761	1.6	1	251392 14369
35	270659	1.6	1	256119 14540
36	226454	1.6	1	216789 9665
37	257397	1.6	1	243658 13739
38	179363	1.6	1	172204 7159
39	196565	1.6	1	187890 8675
40	166033	1.6	1	159700 6333
41	162367	1.6	1	156161 6206
42	169857	1.6	1	163045 6812
43	167786	1.6	1	161290 6496
44	168207	1.6	1	161797 6410
45	172574	1.6	1	165498 7076
46	177946	1.6	1	170737 7209
47	139682	1.6	1	134950 4732
48	138275	1.6	1	132836 5439
49	133852	1.6	1	128670 5182
50	103961	1.6	1	100406 3555
51	109246	1.6	1	105163 4083
52	100460	1.6	1	96827 3633
53	98693	1.6	1	95458 3235
54	107836	1.6	1	104021 3815
55	95945	1.6	1	92813 3132
56	99892	1.6	1	96510 3382
57	104231	1.6	1	100464 3767
58	79177	1.6	1	76451 2726
59	72141	1.6	1	70017 2124
60	71720	1.6	1	69191 2529
61	55883	1.6	1	54140 1743
62	53514	1.6	1	51780 1734
63	74600	1.6	1	71973 2627
64	46284	1.6	1	44862 1422
65	46756	1.6	1	45216 1540
66	50589	1.6	1	49058 1531
67	49146	1.6	1	47781 1365
68	49661	1.6	1	48053 1608
69	36279	1.6	1	35317 962
70	35552	1.6	1	34552 1000
71	31133	1.6	1	30182 951
72	28739	1.6	1	27882 857
73	36577	1.6	1	35539 1038
74	35675	1.6	1	34709 966
75	44095	1.6	1	43099 996
76	24162	1.6	1	23582 580
77	11246	1.6	1	10813 433
78	12292	1.6	1	11839 453
79	12058	1.6	1	11599 459
80	11047	1.6	1	10669 378
81	9787	1.6	1	9419 368
82	9046	1.6	1	8737 309
83	8420	1.6	1	8074 346
84	8155	1.6	1	7840 315
85	8285	1.6	1	7961 324
86	8285	1.6	1	7932 353
87	7948	1.6	1	7593 355
88	7468	1.6	1	7158 310
89	7340	1.6	1	7052 288
90	6605	1.6	1	6372 233
91	5546	1.6	1	5265 281
92	4645	1.6	1	4418 227
93	4277	1.6	1	3999 278
94	3446	1.6	1	3197 249
95	3354	1.6	1	3168 186
96	3322	1.6	1	3138 184
97	3379	1.6	1	3167 212
98	3475	1.6	1	3177 298
99	3384	1.6	1	3153 231
100	3023	1.6	1	2835 188
101	2339	1.6	1	2188 151
102	2001	1.6	1	1811 190
103	1668	1.6	1	1491 177
104	1426	1.6	1	1250 176
105	1405	1.6	1	1260 145
106	1290	1.6	1	1158 132
107	1323	1.6	1	1208 115
108	1345	1.6	1	1227 118
109	1318	1.6	1	1194 124
110	1286	1.6	1	1115 171
111	1050	1.6	1	928 122
112	917	1.6	1	792 125
113	821	1.6	1	718 103
114	702	1.6	1	559 143
115	604	1.6	1	493 111
116	554	1.6	1	442 112
117	495	1.6	1	407 88
118	559	1.6	1	433 126
119	479	1.6	1	347 132
120	491	1.6	1	364 127
121	408	1.6	1	274 134
122	408	1.6	1	246 162
123	296	1.6	1	152 144
124	296	1.6	1	112 184
125	163	1.6	1	81 82
126	203	1.6	1	63 140
127	138	1.6	1	50 88
128	206	1.6	1	57 149
129	189	1.6	1	24 165
130	208	1.6	1	17 191
131	133	1.6	1	11 122
132	124	1.6	1	8 116
133	113	1.6	1	6 107
134	109	1.6	1	7 102
135	119	1.6	1	3 116
136	89	1.6	1	9 80
137	103	1.6	1	9 94
138	74	1.6	1	2 72
139	69	1.6	1	2 67
140	78	1.6	1	1 77
141	121	1.6	1	1 120
142	110	1.6	1	0 110
143	89	1.6	1	0 89
144	42	1.6	1	1 41
145	112	1.6	1	1 111
146	58	1.6	1	0 58
147	203	1.6	1	0 203
148	108	1.6	1	0 108
149	91	1.6	1	1 90
150	119	1.6	1	10 109

RUN STATISTICS FOR INPUT FILE: /srv/scratch/voineagu/PROJECTS/NMD_data/FMR1/4-MC21-60895-LEJ5126_L2_2.fq.gz
=============================================
106929164 sequences processed in total

Total number of sequences analysed for the sequence pair length validation: 106929164

Number of sequence pairs removed because at least one read was shorter than the length cutoff (20 bp): 103419 (0.10%)
