
SUMMARISING RUN PARAMETERS
==========================
Input filename: /srv/scratch/voineagu/PROJECTS/NMD_data/FMR1/4-MC21-60895-LEJ5126_L2_1.fq.gz
Trimming mode: paired-end
Trim Galore version: 0.6.10
Cutadapt version: 4.4
Python version: 3.11.2
Number of cores used for trimming: 12
Quality Phred score cutoff: 20
Quality encoding type selected: ASCII+33
Using Illumina adapter for trimming (count: 110489). Second best hit was smallRNA (count: 18)
Adapter sequence: 'AGATCGGAAGAGC' (Illumina TruSeq, Sanger iPCR; auto-detected)
Maximum trimming error rate: 0.1 (default)
Minimum required adapter overlap (stringency): 6 bp
Minimum required sequence length for both reads before a sequence pair gets removed: 20 bp
Running FastQC on the data once trimming has completed
Running FastQC with the following extra arguments: -t 8
Output file will be GZIP compressed


This is cutadapt 4.4 with Python 3.11.2
Command line parameters: -j 12 -e 0.1 -q 20 -O 6 -a AGATCGGAAGAGC /srv/scratch/voineagu/PROJECTS/NMD_data/FMR1/4-MC21-60895-LEJ5126_L2_1.fq.gz
Processing single-end reads on 12 cores ...
Finished in 537.270 s (5.025 µs/read; 11.94 M reads/minute).

=== Summary ===

Total reads processed:             106,929,164
Reads with adapters:                15,489,280 (14.5%)
Reads written (passing filters):   106,929,164 (100.0%)

Total basepairs processed: 16,039,374,600 bp
Quality-trimmed:              26,155,602 bp (0.2%)
Total written (filtered):  15,581,384,845 bp (97.1%)

=== Adapter 1 ===

Sequence: AGATCGGAAGAGC; Type: regular 3'; Length: 13; Trimmed: 15489280 times

Minimum overlap: 6
No. of allowed errors:
1-9 bp: 0; 10-13 bp: 1

Bases preceding removed adapters:
  A: 13.9%
  C: 35.9%
  G: 27.9%
  T: 22.2%
  none/other: 0.2%

Overview of removed sequences
length	count	expect	max.err	error counts
6	456897	26105.8	0	456897
7	452431	6526.4	0	452431
8	472442	1631.6	0	472442
9	419877	407.9	0	418848 1029
10	438301	102.0	1	415544 22757
11	478601	25.5	1	445412 33189
12	466353	6.4	1	438562 27791
13	457722	1.6	1	429968 27754
14	456079	1.6	1	426602 29477
15	443552	1.6	1	416139 27413
16	424251	1.6	1	395424 28827
17	425709	1.6	1	394509 31200
18	378280	1.6	1	357412 20868
19	337044	1.6	1	320108 16936
20	362352	1.6	1	341067 21285
21	352779	1.6	1	333484 19295
22	357244	1.6	1	338175 19069
23	369922	1.6	1	348777 21145
24	368036	1.6	1	343241 24795
25	347519	1.6	1	327237 20282
26	326884	1.6	1	309710 17174
27	314713	1.6	1	297003 17710
28	288494	1.6	1	271970 16524
29	276954	1.6	1	258566 18388
30	255927	1.6	1	242918 13009
31	246287	1.6	1	233919 12368
32	258114	1.6	1	244441 13673
33	261144	1.6	1	246007 15137
34	270357	1.6	1	254279 16078
35	248450	1.6	1	236761 11689
36	238522	1.6	1	224820 13702
37	247262	1.6	1	229083 18179
38	210917	1.6	1	198602 12315
39	193679	1.6	1	181329 12350
40	172671	1.6	1	164301 8370
41	169341	1.6	1	160633 8708
42	204916	1.6	1	191750 13166
43	193491	1.6	1	179895 13596
44	161090	1.6	1	152709 8381
45	304807	1.6	1	289967 14840
46	63113	1.6	1	58525 4588
47	148855	1.6	1	141253 7602
48	343733	1.6	1	328474 15259
49	111592	1.6	1	105295 6297
50	60320	1.6	1	56547 3773
51	153236	1.6	1	146032 7204
52	133395	1.6	1	127801 5594
53	44162	1.6	1	41683 2479
54	110846	1.6	1	105920 4926
55	211005	1.6	1	203851 7154
56	96737	1.6	1	92686 4051
57	70908	1.6	1	68054 2854
58	48501	1.6	1	46339 2162
59	80371	1.6	1	77149 3222
60	14773	1.6	1	13767 1006
61	19693	1.6	1	18622 1071
62	85464	1.6	1	82228 3236
63	26467	1.6	1	25147 1320
64	17293	1.6	1	16254 1039
65	28429	1.6	1	27046 1383
66	84460	1.6	1	81404 3056
67	13476	1.6	1	12527 949
68	24929	1.6	1	23682 1247
69	16468	1.6	1	15465 1003
70	12476	1.6	1	11649 827
71	4360	1.6	1	4022 338
72	9263	1.6	1	8778 485
73	16820	1.6	1	16076 744
74	20403	1.6	1	19525 878
75	22151	1.6	1	21198 953
76	22622	1.6	1	21607 1015
77	22254	1.6	1	21260 994
78	20885	1.6	1	19937 948
79	18556	1.6	1	17776 780
80	15877	1.6	1	15195 682
81	13572	1.6	1	12959 613
82	11872	1.6	1	11329 543
83	10522	1.6	1	10011 511
84	9927	1.6	1	9438 489
85	9839	1.6	1	9355 484
86	9666	1.6	1	9227 439
87	9318	1.6	1	8895 423
88	8878	1.6	1	8491 387
89	8273	1.6	1	7906 367
90	6958	1.6	1	6647 311
91	6016	1.6	1	5726 290
92	4898	1.6	1	4634 264
93	4346	1.6	1	4116 230
94	3776	1.6	1	3582 194
95	3553	1.6	1	3379 174
96	3492	1.6	1	3315 177
97	3626	1.6	1	3407 219
98	3401	1.6	1	3192 209
99	3173	1.6	1	2980 193
100	2870	1.6	1	2703 167
101	2416	1.6	1	2292 124
102	2061	1.6	1	1931 130
103	1760	1.6	1	1644 116
104	1478	1.6	1	1368 110
105	1407	1.6	1	1313 94
106	1302	1.6	1	1210 92
107	1296	1.6	1	1227 69
108	1324	1.6	1	1233 91
109	1313	1.6	1	1243 70
110	1217	1.6	1	1150 67
111	989	1.6	1	931 58
112	868	1.6	1	798 70
113	767	1.6	1	703 64
114	598	1.6	1	535 63
115	493	1.6	1	449 44
116	565	1.6	1	439 126
117	518	1.6	1	435 83
118	493	1.6	1	441 52
119	444	1.6	1	367 77
120	460	1.6	1	367 93
121	385	1.6	1	270 115
122	331	1.6	1	253 78
123	219	1.6	1	156 63
124	158	1.6	1	104 54
125	140	1.6	1	73 67
126	88	1.6	1	58 30
127	94	1.6	1	52 42
128	136	1.6	1	52 84
129	92	1.6	1	26 66
130	78	1.6	1	11 67
131	94	1.6	1	12 82
132	77	1.6	1	5 72
133	152	1.6	1	6 146
134	72	1.6	1	6 66
135	60	1.6	1	3 57
136	23	1.6	1	7 16
137	50	1.6	1	9 41
138	25	1.6	1	3 22
139	25	1.6	1	2 23
140	40	1.6	1	1 39
141	64	1.6	1	1 63
142	44	1.6	1	0 44
143	20	1.6	1	0 20
144	17	1.6	1	0 17
145	21	1.6	1	1 20
146	39	1.6	1	0 39
147	25	1.6	1	0 25
148	25	1.6	1	1 24
149	236	1.6	1	1 235
150	23401	1.6	1	7 23394

RUN STATISTICS FOR INPUT FILE: /srv/scratch/voineagu/PROJECTS/NMD_data/FMR1/4-MC21-60895-LEJ5126_L2_1.fq.gz
=============================================
106929164 sequences processed in total

