
SUMMARISING RUN PARAMETERS
==========================
Input filename: /srv/scratch/voineagu/PROJECTS/NMD_data/FMR1/5-MC30-60904-LEJ5127_L2_2.fq.gz
Trimming mode: paired-end
Trim Galore version: 0.6.10
Cutadapt version: 4.4
Python version: 3.11.2
Number of cores used for trimming: 12
Quality Phred score cutoff: 20
Quality encoding type selected: ASCII+33
Using Illumina adapter for trimming (count: 108196). Second best hit was smallRNA (count: 11)
Adapter sequence: 'AGATCGGAAGAGC' (Illumina TruSeq, Sanger iPCR; auto-detected)
Maximum trimming error rate: 0.1 (default)
Minimum required adapter overlap (stringency): 6 bp
Minimum required sequence length for both reads before a sequence pair gets removed: 20 bp
Running FastQC on the data once trimming has completed
Running FastQC with the following extra arguments: -t 8
Output file will be GZIP compressed


This is cutadapt 4.4 with Python 3.11.2
Command line parameters: -j 12 -e 0.1 -q 20 -O 6 -a AGATCGGAAGAGC /srv/scratch/voineagu/PROJECTS/NMD_data/FMR1/5-MC30-60904-LEJ5127_L2_2.fq.gz
Processing single-end reads on 12 cores ...
Finished in 406.647 s (4.878 µs/read; 12.30 M reads/minute).

=== Summary ===

Total reads processed:              83,357,955
Reads with adapters:                11,650,733 (14.0%)
Reads written (passing filters):    83,357,955 (100.0%)

Total basepairs processed: 12,503,693,250 bp
Quality-trimmed:              34,554,778 bp (0.3%)
Total written (filtered):  12,137,168,015 bp (97.1%)

=== Adapter 1 ===

Sequence: AGATCGGAAGAGC; Type: regular 3'; Length: 13; Trimmed: 11650733 times

Minimum overlap: 6
No. of allowed errors:
1-9 bp: 0; 10-13 bp: 1

Bases preceding removed adapters:
  A: 13.5%
  C: 45.9%
  G: 30.9%
  T: 9.7%
  none/other: 0.0%

Overview of removed sequences
length	count	expect	max.err	error counts
6	349660	20351.1	0	349660
7	348104	5087.8	0	348104
8	376593	1271.9	0	376593
9	280005	318.0	0	278157 1848
10	331852	79.5	1	314260 17592
11	341738	19.9	1	323147 18591
12	350436	5.0	1	333158 17278
13	329505	1.2	1	314848 14657
14	356249	1.2	1	337668 18581
15	307473	1.2	1	294649 12824
16	309093	1.2	1	295739 13354
17	335392	1.2	1	319587 15805
18	229152	1.2	1	220838 8314
19	316102	1.2	1	301015 15087
20	235687	1.2	1	226380 9307
21	250150	1.2	1	239941 10209
22	262045	1.2	1	251541 10504
23	265490	1.2	1	254980 10510
24	289735	1.2	1	275557 14178
25	289679	1.2	1	278689 10990
26	211695	1.2	1	202830 8865
27	218595	1.2	1	209473 9122
28	211930	1.2	1	204151 7779
29	202592	1.2	1	194528 8064
30	199056	1.2	1	191402 7654
31	185786	1.2	1	179423 6363
32	195696	1.2	1	188580 7116
33	197778	1.2	1	190836 6942
34	201159	1.2	1	193637 7522
35	208101	1.2	1	199916 8185
36	173935	1.2	1	168645 5290
37	198135	1.2	1	190487 7648
38	137948	1.2	1	134111 3837
39	153197	1.2	1	148289 4908
40	127260	1.2	1	123753 3507
41	125265	1.2	1	122049 3216
42	131824	1.2	1	128099 3725
43	131469	1.2	1	127917 3552
44	131859	1.2	1	128171 3688
45	133555	1.2	1	129646 3909
46	139419	1.2	1	135364 4055
47	107479	1.2	1	104865 2614
48	108633	1.2	1	105558 3075
49	105679	1.2	1	102623 3056
50	81413	1.2	1	79419 1994
51	86015	1.2	1	83674 2341
52	79176	1.2	1	77114 2062
53	78240	1.2	1	76416 1824
54	83983	1.2	1	81742 2241
55	78476	1.2	1	76500 1976
56	79380	1.2	1	77415 1965
57	81597	1.2	1	79243 2354
58	65376	1.2	1	63577 1799
59	57364	1.2	1	56121 1243
60	56586	1.2	1	54965 1621
61	44791	1.2	1	43778 1013
62	43694	1.2	1	42560 1134
63	59153	1.2	1	57501 1652
64	37866	1.2	1	36862 1004
65	38229	1.2	1	37261 968
66	41074	1.2	1	40260 814
67	39327	1.2	1	38444 883
68	40042	1.2	1	38989 1053
69	28986	1.2	1	28353 633
70	28699	1.2	1	28071 628
71	24940	1.2	1	24365 575
72	23254	1.2	1	22627 627
73	29923	1.2	1	29222 701
74	28714	1.2	1	28159 555
75	36263	1.2	1	35611 652
76	20751	1.2	1	20294 457
77	10191	1.2	1	9834 357
78	10323	1.2	1	9959 364
79	9911	1.2	1	9561 350
80	9522	1.2	1	9217 305
81	8313	1.2	1	8024 289
82	7589	1.2	1	7350 239
83	7456	1.2	1	7190 266
84	7381	1.2	1	7105 276
85	7238	1.2	1	6993 245
86	7078	1.2	1	6826 252
87	6633	1.2	1	6395 238
88	6286	1.2	1	6072 214
89	6096	1.2	1	5896 200
90	5429	1.2	1	5241 188
91	4797	1.2	1	4594 203
92	4125	1.2	1	3913 212
93	3614	1.2	1	3402 212
94	3041	1.2	1	2838 203
95	2968	1.2	1	2806 162
96	3103	1.2	1	2885 218
97	2807	1.2	1	2670 137
98	3079	1.2	1	2850 229
99	3131	1.2	1	2932 199
100	2678	1.2	1	2533 145
101	1961	1.2	1	1818 143
102	1640	1.2	1	1489 151
103	1460	1.2	1	1317 143
104	1303	1.2	1	1166 137
105	1231	1.2	1	1084 147
106	1172	1.2	1	1057 115
107	1104	1.2	1	1019 85
108	1146	1.2	1	1030 116
109	1082	1.2	1	987 95
110	1077	1.2	1	977 100
111	986	1.2	1	864 122
112	883	1.2	1	764 119
113	666	1.2	1	580 86
114	599	1.2	1	491 108
115	486	1.2	1	418 68
116	488	1.2	1	383 105
117	432	1.2	1	352 80
118	433	1.2	1	322 111
119	416	1.2	1	317 99
120	368	1.2	1	284 84
121	325	1.2	1	230 95
122	299	1.2	1	204 95
123	272	1.2	1	165 107
124	234	1.2	1	110 124
125	177	1.2	1	90 87
126	185	1.2	1	70 115
127	132	1.2	1	56 76
128	145	1.2	1	57 88
129	140	1.2	1	43 97
130	167	1.2	1	23 144
131	91	1.2	1	17 74
132	112	1.2	1	22 90
133	82	1.2	1	15 67
134	71	1.2	1	20 51
135	85	1.2	1	9 76
136	51	1.2	1	8 43
137	91	1.2	1	10 81
138	53	1.2	1	4 49
139	43	1.2	1	7 36
140	46	1.2	1	0 46
141	106	1.2	1	3 103
142	53	1.2	1	1 52
143	45	1.2	1	0 45
144	24	1.2	1	1 23
145	84	1.2	1	0 84
146	38	1.2	1	0 38
147	126	1.2	1	0 126
148	49	1.2	1	0 49
149	102	1.2	1	0 102
150	86	1.2	1	8 78

RUN STATISTICS FOR INPUT FILE: /srv/scratch/voineagu/PROJECTS/NMD_data/FMR1/5-MC30-60904-LEJ5127_L2_2.fq.gz
=============================================
83357955 sequences processed in total

Total number of sequences analysed for the sequence pair length validation: 83357955

Number of sequence pairs removed because at least one read was shorter than the length cutoff (20 bp): 67321 (0.08%)
