
SUMMARISING RUN PARAMETERS
==========================
Input filename: /srv/scratch/voineagu/PROJECTS/NMD_data/FMR1/5-MC30-60904-LEJ5127_L2_1.fq.gz
Trimming mode: paired-end
Trim Galore version: 0.6.10
Cutadapt version: 4.4
Python version: 3.11.2
Number of cores used for trimming: 12
Quality Phred score cutoff: 20
Quality encoding type selected: ASCII+33
Using Illumina adapter for trimming (count: 108196). Second best hit was smallRNA (count: 11)
Adapter sequence: 'AGATCGGAAGAGC' (Illumina TruSeq, Sanger iPCR; auto-detected)
Maximum trimming error rate: 0.1 (default)
Minimum required adapter overlap (stringency): 6 bp
Minimum required sequence length for both reads before a sequence pair gets removed: 20 bp
Running FastQC on the data once trimming has completed
Running FastQC with the following extra arguments: -t 8
Output file will be GZIP compressed


This is cutadapt 4.4 with Python 3.11.2
Command line parameters: -j 12 -e 0.1 -q 20 -O 6 -a AGATCGGAAGAGC /srv/scratch/voineagu/PROJECTS/NMD_data/FMR1/5-MC30-60904-LEJ5127_L2_1.fq.gz
Processing single-end reads on 12 cores ...
Finished in 391.553 s (4.697 µs/read; 12.77 M reads/minute).

=== Summary ===

Total reads processed:              83,357,955
Reads with adapters:                11,692,571 (14.0%)
Reads written (passing filters):    83,357,955 (100.0%)

Total basepairs processed: 12,503,693,250 bp
Quality-trimmed:              18,372,230 bp (0.1%)
Total written (filtered):  12,151,533,416 bp (97.2%)

=== Adapter 1 ===

Sequence: AGATCGGAAGAGC; Type: regular 3'; Length: 13; Trimmed: 11692571 times

Minimum overlap: 6
No. of allowed errors:
1-9 bp: 0; 10-13 bp: 1

Bases preceding removed adapters:
  A: 13.9%
  C: 36.2%
  G: 28.0%
  T: 21.8%
  none/other: 0.1%

Overview of removed sequences
length	count	expect	max.err	error counts
6	336474	20351.1	0	336474
7	331518	5087.8	0	331518
8	341575	1271.9	0	341575
9	312966	318.0	0	312113 853
10	321643	79.5	1	304829 16814
11	351651	19.9	1	327542 24109
12	342563	5.0	1	322611 19952
13	331985	1.2	1	312170 19815
14	343751	1.2	1	320938 22813
15	324152	1.2	1	304823 19329
16	318754	1.2	1	296596 22158
17	313564	1.2	1	290944 22620
18	274998	1.2	1	260332 14666
19	253923	1.2	1	241182 12741
20	267499	1.2	1	252192 15307
21	265450	1.2	1	250205 15245
22	262645	1.2	1	248741 13904
23	278035	1.2	1	261985 16050
24	276531	1.2	1	257712 18819
25	258915	1.2	1	243880 15035
26	243348	1.2	1	230686 12662
27	234747	1.2	1	221596 13151
28	215511	1.2	1	203390 12121
29	207958	1.2	1	194139 13819
30	192711	1.2	1	182970 9741
31	187611	1.2	1	177989 9622
32	197153	1.2	1	186762 10391
33	197632	1.2	1	186193 11439
34	200435	1.2	1	189259 11176
35	211209	1.2	1	199161 12048
36	180531	1.2	1	168790 11741
37	171962	1.2	1	163627 8335
38	160619	1.2	1	149161 11458
39	148117	1.2	1	139657 8460
40	147315	1.2	1	137827 9488
41	133681	1.2	1	126791 6890
42	130086	1.2	1	123520 6566
43	153168	1.2	1	142137 11031
44	134670	1.2	1	127544 7126
45	204338	1.2	1	194911 9427
46	58332	1.2	1	54695 3637
47	110345	1.2	1	104995 5350
48	148621	1.2	1	141008 7613
49	99067	1.2	1	94092 4975
50	70133	1.2	1	66054 4079
51	117095	1.2	1	111102 5993
52	86264	1.2	1	82229 4035
53	53009	1.2	1	50556 2453
54	86304	1.2	1	82161 4143
55	131869	1.2	1	126476 5393
56	97124	1.2	1	92995 4129
57	77276	1.2	1	74061 3215
58	62092	1.2	1	59491 2601
59	80674	1.2	1	77439 3235
60	20414	1.2	1	19319 1095
61	23528	1.2	1	22375 1153
62	73714	1.2	1	70952 2762
63	32093	1.2	1	30579 1514
64	21769	1.2	1	20698 1071
65	29311	1.2	1	28032 1279
66	75263	1.2	1	72469 2794
67	19350	1.2	1	18311 1039
68	30239	1.2	1	28932 1307
69	15966	1.2	1	15097 869
70	10687	1.2	1	9951 736
71	4540	1.2	1	4242 298
72	8611	1.2	1	8181 430
73	14369	1.2	1	13741 628
74	16980	1.2	1	16205 775
75	18413	1.2	1	17562 851
76	18629	1.2	1	17791 838
77	18465	1.2	1	17637 828
78	17381	1.2	1	16520 861
79	15171	1.2	1	14482 689
80	13464	1.2	1	12814 650
81	11349	1.2	1	10793 556
82	9833	1.2	1	9338 495
83	8802	1.2	1	8383 419
84	8486	1.2	1	8058 428
85	8011	1.2	1	7603 408
86	8153	1.2	1	7749 404
87	7825	1.2	1	7406 419
88	7553	1.2	1	7158 395
89	6869	1.2	1	6539 330
90	5799	1.2	1	5513 286
91	5226	1.2	1	4947 279
92	4361	1.2	1	4130 231
93	3732	1.2	1	3494 238
94	3286	1.2	1	3114 172
95	3150	1.2	1	2990 160
96	3262	1.2	1	3052 210
97	3002	1.2	1	2833 169
98	3056	1.2	1	2871 185
99	2925	1.2	1	2732 193
100	2559	1.2	1	2409 150
101	2008	1.2	1	1885 123
102	1704	1.2	1	1602 102
103	1480	1.2	1	1383 97
104	1359	1.2	1	1253 106
105	1185	1.2	1	1099 86
106	1165	1.2	1	1095 70
107	1092	1.2	1	1022 70
108	1107	1.2	1	1031 76
109	1096	1.2	1	1014 82
110	1036	1.2	1	970 66
111	860	1.2	1	794 66
112	747	1.2	1	689 58
113	637	1.2	1	563 74
114	529	1.2	1	486 43
115	519	1.2	1	473 46
116	523	1.2	1	416 107
117	435	1.2	1	379 56
118	402	1.2	1	339 63
119	395	1.2	1	322 73
120	367	1.2	1	292 75
121	300	1.2	1	221 79
122	263	1.2	1	201 62
123	208	1.2	1	169 39
124	147	1.2	1	102 45
125	130	1.2	1	82 48
126	93	1.2	1	60 33
127	94	1.2	1	46 48
128	105	1.2	1	57 48
129	87	1.2	1	40 47
130	65	1.2	1	23 42
131	83	1.2	1	14 69
132	68	1.2	1	24 44
133	96	1.2	1	12 84
134	71	1.2	1	15 56
135	43	1.2	1	12 31
136	30	1.2	1	7 23
137	27	1.2	1	7 20
138	26	1.2	1	4 22
139	30	1.2	1	7 23
140	19	1.2	1	0 19
141	51	1.2	1	4 47
142	36	1.2	1	3 33
143	16	1.2	1	0 16
144	22	1.2	1	1 21
145	21	1.2	1	0 21
146	13	1.2	1	0 13
147	24	1.2	1	0 24
148	23	1.2	1	1 22
149	127	1.2	1	0 127
150	16412	1.2	1	5 16407

RUN STATISTICS FOR INPUT FILE: /srv/scratch/voineagu/PROJECTS/NMD_data/FMR1/5-MC30-60904-LEJ5127_L2_1.fq.gz
=============================================
83357955 sequences processed in total

