
SUMMARISING RUN PARAMETERS
==========================
Input filename: /srv/scratch/voineagu/PROJECTS/NMD_data/FMR1/6-MC37-60927-LEJ5128_L2_1.fq.gz
Trimming mode: paired-end
Trim Galore version: 0.6.10
Cutadapt version: 4.4
Python version: 3.11.2
Number of cores used for trimming: 12
Quality Phred score cutoff: 20
Quality encoding type selected: ASCII+33
Using Illumina adapter for trimming (count: 118856). Second best hit was smallRNA (count: 15)
Adapter sequence: 'AGATCGGAAGAGC' (Illumina TruSeq, Sanger iPCR; auto-detected)
Maximum trimming error rate: 0.1 (default)
Minimum required adapter overlap (stringency): 6 bp
Minimum required sequence length for both reads before a sequence pair gets removed: 20 bp
Running FastQC on the data once trimming has completed
Running FastQC with the following extra arguments: -t 8
Output file will be GZIP compressed


This is cutadapt 4.4 with Python 3.11.2
Command line parameters: -j 12 -e 0.1 -q 20 -O 6 -a AGATCGGAAGAGC /srv/scratch/voineagu/PROJECTS/NMD_data/FMR1/6-MC37-60927-LEJ5128_L2_1.fq.gz
Processing single-end reads on 12 cores ...
Finished in 475.888 s (4.517 µs/read; 13.28 M reads/minute).

=== Summary ===

Total reads processed:             105,349,282
Reads with adapters:                16,382,078 (15.6%)
Reads written (passing filters):   105,349,282 (100.0%)

Total basepairs processed: 15,802,392,300 bp
Quality-trimmed:              21,502,679 bp (0.1%)
Total written (filtered):  15,309,169,497 bp (96.9%)

=== Adapter 1 ===

Sequence: AGATCGGAAGAGC; Type: regular 3'; Length: 13; Trimmed: 16382078 times

Minimum overlap: 6
No. of allowed errors:
1-9 bp: 0; 10-13 bp: 1

Bases preceding removed adapters:
  A: 13.8%
  C: 35.7%
  G: 28.3%
  T: 21.7%
  none/other: 0.5%

Overview of removed sequences
length	count	expect	max.err	error counts
6	469079	25720.0	0	469079
7	463405	6430.0	0	463405
8	483911	1607.5	0	483911
9	427552	401.9	0	426665 887
10	451463	100.5	1	425736 25727
11	494776	25.1	1	458532 36244
12	485198	6.3	1	454944 30254
13	471894	1.6	1	441835 30059
14	483221	1.6	1	450778 32443
15	464877	1.6	1	434626 30251
16	448483	1.6	1	416603 31880
17	448327	1.6	1	413988 34339
18	392329	1.6	1	369479 22850
19	354457	1.6	1	335560 18897
20	378043	1.6	1	354657 23386
21	373419	1.6	1	351103 22316
22	375096	1.6	1	353832 21264
23	389259	1.6	1	365626 23633
24	393852	1.6	1	365965 27887
25	369339	1.6	1	346509 22830
26	347299	1.6	1	328023 19276
27	335400	1.6	1	315689 19711
28	303956	1.6	1	285183 18773
29	292465	1.6	1	272288 20177
30	270935	1.6	1	256031 14904
31	260190	1.6	1	246364 13826
32	271974	1.6	1	256244 15730
33	286684	1.6	1	267429 19255
34	293453	1.6	1	274913 18540
35	260695	1.6	1	247210 13485
36	268115	1.6	1	250705 17410
37	250898	1.6	1	235688 15210
38	226273	1.6	1	214104 12169
39	197262	1.6	1	184697 12565
40	197478	1.6	1	185983 11495
41	194603	1.6	1	182247 12356
42	181458	1.6	1	172513 8945
43	190529	1.6	1	176613 13916
44	194759	1.6	1	183207 11552
45	271386	1.6	1	258362 13024
46	86007	1.6	1	80651 5356
47	150429	1.6	1	142981 7448
48	168920	1.6	1	159340 9580
49	133055	1.6	1	126146 6909
50	108573	1.6	1	102233 6340
51	129610	1.6	1	121866 7744
52	115184	1.6	1	109240 5944
53	93961	1.6	1	89326 4635
54	110891	1.6	1	104756 6135
55	141337	1.6	1	133726 7611
56	106583	1.6	1	101226 5357
57	118988	1.6	1	113195 5793
58	101965	1.6	1	97264 4701
59	86102	1.6	1	81788 4314
60	48779	1.6	1	46427 2352
61	42913	1.6	1	40691 2222
62	87579	1.6	1	83459 4120
63	59723	1.6	1	57015 2708
64	43538	1.6	1	41370 2168
65	41906	1.6	1	39722 2184
66	102573	1.6	1	98117 4456
67	46036	1.6	1	43799 2237
68	54572	1.6	1	51969 2603
69	21267	1.6	1	19921 1346
70	13535	1.6	1	12520 1015
71	7972	1.6	1	7518 454
72	12802	1.6	1	12121 681
73	19719	1.6	1	18668 1051
74	21900	1.6	1	20798 1102
75	23358	1.6	1	22162 1196
76	23993	1.6	1	22803 1190
77	24084	1.6	1	22857 1227
78	22231	1.6	1	21084 1147
79	19972	1.6	1	18945 1027
80	16892	1.6	1	16004 888
81	14247	1.6	1	13524 723
82	12067	1.6	1	11428 639
83	11056	1.6	1	10446 610
84	10218	1.6	1	9715 503
85	10078	1.6	1	9581 497
86	9899	1.6	1	9377 522
87	9923	1.6	1	9363 560
88	9602	1.6	1	9139 463
89	8521	1.6	1	8039 482
90	7367	1.6	1	6964 403
91	6285	1.6	1	5973 312
92	5137	1.6	1	4833 304
93	4428	1.6	1	4153 275
94	3996	1.6	1	3757 239
95	3870	1.6	1	3618 252
96	3936	1.6	1	3706 230
97	3950	1.6	1	3675 275
98	3961	1.6	1	3694 267
99	3598	1.6	1	3348 250
100	2961	1.6	1	2780 181
101	2603	1.6	1	2425 178
102	2122	1.6	1	1946 176
103	1841	1.6	1	1686 155
104	1647	1.6	1	1480 167
105	1407	1.6	1	1282 125
106	1432	1.6	1	1313 119
107	1461	1.6	1	1363 98
108	1489	1.6	1	1369 120
109	1497	1.6	1	1380 117
110	1239	1.6	1	1122 117
111	1113	1.6	1	1006 107
112	961	1.6	1	883 78
113	782	1.6	1	711 71
114	653	1.6	1	584 69
115	535	1.6	1	483 52
116	661	1.6	1	510 151
117	603	1.6	1	515 88
118	504	1.6	1	433 71
119	590	1.6	1	493 97
120	545	1.6	1	436 109
121	479	1.6	1	341 138
122	321	1.6	1	239 82
123	285	1.6	1	218 67
124	204	1.6	1	151 53
125	171	1.6	1	111 60
126	132	1.6	1	73 59
127	141	1.6	1	74 67
128	146	1.6	1	71 75
129	101	1.6	1	49 52
130	85	1.6	1	30 55
131	137	1.6	1	29 108
132	104	1.6	1	33 71
133	120	1.6	1	27 93
134	102	1.6	1	21 81
135	64	1.6	1	19 45
136	34	1.6	1	12 22
137	40	1.6	1	9 31
138	26	1.6	1	4 22
139	41	1.6	1	3 38
140	48	1.6	1	3 45
141	86	1.6	1	4 82
142	40	1.6	1	2 38
143	31	1.6	1	1 30
144	23	1.6	1	0 23
145	33	1.6	1	2 31
146	34	1.6	1	0 34
147	61	1.6	1	4 57
148	59	1.6	1	1 58
149	573	1.6	1	0 573
150	88831	1.6	1	9 88822

RUN STATISTICS FOR INPUT FILE: /srv/scratch/voineagu/PROJECTS/NMD_data/FMR1/6-MC37-60927-LEJ5128_L2_1.fq.gz
=============================================
105349282 sequences processed in total

