
SUMMARISING RUN PARAMETERS
==========================
Input filename: /srv/scratch/voineagu/PROJECTS/NMD_data/FMR1/6-MC37-60927-LEJ5128_L2_2.fq.gz
Trimming mode: paired-end
Trim Galore version: 0.6.10
Cutadapt version: 4.4
Python version: 3.11.2
Number of cores used for trimming: 12
Quality Phred score cutoff: 20
Quality encoding type selected: ASCII+33
Using Illumina adapter for trimming (count: 118856). Second best hit was smallRNA (count: 15)
Adapter sequence: 'AGATCGGAAGAGC' (Illumina TruSeq, Sanger iPCR; auto-detected)
Maximum trimming error rate: 0.1 (default)
Minimum required adapter overlap (stringency): 6 bp
Minimum required sequence length for both reads before a sequence pair gets removed: 20 bp
Running FastQC on the data once trimming has completed
Running FastQC with the following extra arguments: -t 8
Output file will be GZIP compressed


This is cutadapt 4.4 with Python 3.11.2
Command line parameters: -j 12 -e 0.1 -q 20 -O 6 -a AGATCGGAAGAGC /srv/scratch/voineagu/PROJECTS/NMD_data/FMR1/6-MC37-60927-LEJ5128_L2_2.fq.gz
Processing single-end reads on 12 cores ...
Finished in 462.022 s (4.386 µs/read; 13.68 M reads/minute).

=== Summary ===

Total reads processed:             105,349,282
Reads with adapters:                16,179,073 (15.4%)
Reads written (passing filters):   105,349,282 (100.0%)

Total basepairs processed: 15,802,392,300 bp
Quality-trimmed:              55,050,697 bp (0.3%)
Total written (filtered):  15,291,834,903 bp (96.8%)

=== Adapter 1 ===

Sequence: AGATCGGAAGAGC; Type: regular 3'; Length: 13; Trimmed: 16179073 times

Minimum overlap: 6
No. of allowed errors:
1-9 bp: 0; 10-13 bp: 1

Bases preceding removed adapters:
  A: 13.5%
  C: 45.5%
  G: 31.0%
  T: 10.0%
  none/other: 0.0%

Overview of removed sequences
length	count	expect	max.err	error counts
6	485379	25720.0	0	485379
7	480605	6430.0	0	480605
8	491501	1607.5	0	491501
9	417312	401.9	0	415298 2014
10	462916	100.5	1	440640 22276
11	479541	25.1	1	454553 24988
12	491669	6.3	1	469204 22465
13	466863	1.6	1	447030 19833
14	501470	1.6	1	476729 24741
15	433169	1.6	1	415892 17277
16	438938	1.6	1	420251 18687
17	482832	1.6	1	460578 22254
18	316081	1.6	1	304866 11215
19	452059	1.6	1	431058 21001
20	329927	1.6	1	317254 12673
21	342979	1.6	1	329480 13499
22	370239	1.6	1	355674 14565
23	373852	1.6	1	359266 14586
24	408468	1.6	1	389144 19324
25	419851	1.6	1	404501 15350
26	294395	1.6	1	282207 12188
27	309404	1.6	1	296091 13313
28	299507	1.6	1	289050 10457
29	282062	1.6	1	270949 11113
30	276031	1.6	1	265756 10275
31	261109	1.6	1	252082 9027
32	269778	1.6	1	260804 8974
33	283756	1.6	1	273134 10622
34	284326	1.6	1	274314 10012
35	268155	1.6	1	259241 8914
36	256572	1.6	1	248977 7595
37	237180	1.6	1	229925 7255
38	218977	1.6	1	212265 6712
39	209317	1.6	1	202653 6664
40	182965	1.6	1	177534 5431
41	181644	1.6	1	176262 5382
42	186510	1.6	1	180563 5947
43	175514	1.6	1	171021 4493
44	186484	1.6	1	181046 5438
45	184476	1.6	1	179265 5211
46	185982	1.6	1	180484 5498
47	155654	1.6	1	151690 3964
48	149441	1.6	1	145130 4311
49	141092	1.6	1	136985 4107
50	113708	1.6	1	110808 2900
51	112907	1.6	1	109930 2977
52	106880	1.6	1	104129 2751
53	106140	1.6	1	103533 2607
54	115745	1.6	1	112388 3357
55	103681	1.6	1	101150 2531
56	107170	1.6	1	104425 2745
57	109761	1.6	1	106504 3257
58	86126	1.6	1	83839 2287
59	78588	1.6	1	76913 1675
60	74187	1.6	1	72043 2144
61	60641	1.6	1	59104 1537
62	56462	1.6	1	54862 1600
63	78547	1.6	1	76353 2194
64	48902	1.6	1	47592 1310
65	48958	1.6	1	47772 1186
66	52481	1.6	1	51372 1109
67	52918	1.6	1	51728 1190
68	52407	1.6	1	51113 1294
69	38286	1.6	1	37504 782
70	37155	1.6	1	36310 845
71	32005	1.6	1	31275 730
72	29135	1.6	1	28377 758
73	38417	1.6	1	37525 892
74	35698	1.6	1	34877 821
75	44187	1.6	1	43301 886
76	24532	1.6	1	23919 613
77	12788	1.6	1	12366 422
78	13570	1.6	1	13111 459
79	13192	1.6	1	12761 431
80	11992	1.6	1	11555 437
81	10616	1.6	1	10255 361
82	9348	1.6	1	9019 329
83	9070	1.6	1	8731 339
84	8734	1.6	1	8359 375
85	8911	1.6	1	8573 338
86	8628	1.6	1	8347 281
87	8529	1.6	1	8230 299
88	8231	1.6	1	7914 317
89	7575	1.6	1	7294 281
90	7007	1.6	1	6728 279
91	5763	1.6	1	5519 244
92	4890	1.6	1	4646 244
93	4341	1.6	1	4088 253
94	3675	1.6	1	3465 210
95	3679	1.6	1	3467 212
96	3764	1.6	1	3558 206
97	3587	1.6	1	3406 181
98	3976	1.6	1	3688 288
99	3711	1.6	1	3512 199
100	3162	1.6	1	2996 166
101	2494	1.6	1	2317 177
102	2008	1.6	1	1834 174
103	1778	1.6	1	1580 198
104	1549	1.6	1	1364 185
105	1464	1.6	1	1300 164
106	1471	1.6	1	1316 155
107	1493	1.6	1	1371 122
108	1582	1.6	1	1423 159
109	1458	1.6	1	1316 142
110	1248	1.6	1	1092 156
111	1097	1.6	1	963 134
112	1026	1.6	1	863 163
113	842	1.6	1	739 103
114	690	1.6	1	577 113
115	580	1.6	1	485 95
116	657	1.6	1	537 120
117	659	1.6	1	544 115
118	578	1.6	1	452 126
119	668	1.6	1	501 167
120	573	1.6	1	450 123
121	501	1.6	1	379 122
122	396	1.6	1	247 149
123	368	1.6	1	235 133
124	323	1.6	1	147 176
125	221	1.6	1	138 83
126	230	1.6	1	88 142
127	189	1.6	1	92 97
128	200	1.6	1	69 131
129	192	1.6	1	51 141
130	235	1.6	1	31 204
131	137	1.6	1	31 106
132	128	1.6	1	37 91
133	144	1.6	1	26 118
134	80	1.6	1	21 59
135	102	1.6	1	16 86
136	84	1.6	1	14 70
137	86	1.6	1	6 80
138	77	1.6	1	4 73
139	54	1.6	1	4 50
140	56	1.6	1	4 52
141	102	1.6	1	4 98
142	92	1.6	1	2 90
143	58	1.6	1	1 57
144	31	1.6	1	0 31
145	65	1.6	1	1 64
146	73	1.6	1	0 73
147	169	1.6	1	4 165
148	77	1.6	1	1 76
149	99	1.6	1	0 99
150	244	1.6	1	10 234

RUN STATISTICS FOR INPUT FILE: /srv/scratch/voineagu/PROJECTS/NMD_data/FMR1/6-MC37-60927-LEJ5128_L2_2.fq.gz
=============================================
105349282 sequences processed in total

Total number of sequences analysed for the sequence pair length validation: 105349282

Number of sequence pairs removed because at least one read was shorter than the length cutoff (20 bp): 193212 (0.18%)
